#  ndepot: 26
#   ndump: 6
# npickup: 1000
#
# trash collection test problem
#
# type: 0:  vehicle
#       1:  dump
#       2:  pickup
#
# For vehicles:
#   demand - is vehicle capcity
#   x,y - vehicle home location
#   tw_open - start time for the vehicle
#   tw_close - time vechile must be home
#   service - NA
#
# For dump facilities:
#   demand - NA
#   x,y - location of the dump
#   tw_open - time dump opens
#   tw_close - time dump closes
#   service - time to service the dump
#
# For pickup locations
#   demand - potential load to add to vehicle
#   x,y - location of pickup
#   tw_open - earliest pickup time
#   tw_close - latest pickup time
#   service - time to service the pickup
#
# Times are in minutes from 0 hour (mid-night)
#
#nid    type    x       y       demand  tw_open tw_close        service
0 0 49.5874837653908 30.1256821671757 5000 0 1440 0
1 0 79.415164988702 -57.1766088071044 5000 0 1440 0
2 0 28.9665426384239 35.5430941533967 5000 0 1440 0
3 0 -9.21681595094199 -23.6753200098818 5000 0 1440 0
4 0 -53.3963935932825 31.0685445206673 5000 0 1440 0
5 0 -70.3378678732783 48.6472830622873 5000 0 1440 0
6 0 38.6750912353797 81.3082311931367 5000 0 1440 0
7 0 -3.83461633164259 39.0730115294204 5000 0 1440 0
8 0 62.1685630119494 4.26358149834982 5000 0 1440 0
9 0 23.1896593363579 34.2276537472586 5000 0 1440 0
10 0 -58.530474021628 -71.8148393460893 5000 0 1440 0
11 0 73.5661052239543 -30.0810327323873 5000 0 1440 0
12 0 -71.2780940025873 -62.1318789085649 5000 0 1440 0
13 0 -62.1424271535751 -46.5689978290285 5000 0 1440 0
14 0 30.0636021259926 5.82075885619417 5000 0 1440 0
15 0 82.9629370818672 -8.60121888378131 5000 0 1440 0
16 0 76.3681737714485 -36.166278895945 5000 0 1440 0
17 0 3.32274260413428 -95.8318463113628 5000 0 1440 0
18 0 70.2769594664836 -73.7112814682206 5000 0 1440 0
19 0 -20.1248858740719 -55.3137018550458 5000 0 1440 0
20 0 31.4342497145908 56.3925509224418 5000 0 1440 0
21 0 -56.0992355483144 32.1016749530102 5000 0 1440 0
22 0 -85.0818770700037 1.85016536468368 5000 0 1440 0
23 0 -98.93985057222 59.1360561037149 5000 0 1440 0
24 0 85.4927627246873 -98.1303523872782 5000 0 1440 0
25 0 13.4284128717034 -82.1916254657239 5000 0 1440 0
26 1 99.7210691798536 70.5178099934841 0 0 1440 30
27 1 22.9637999622859 18.2483716442718 0 0 1440 30
28 1 52.0207187800857 -66.862303262053 0 0 1440 30
29 1 -21.9832431203521 -63.7298196900403 0 0 1440 30
30 1 67.8990798859424 -23.255807884297 0 0 1440 30
31 1 85.2390401964719 -68.6601214927023 0 0 1440 30
32 2 31.9641154740118 69.1013007849904 100 0 1440 5
33 2 33.2488941413224 -80.0505028595225 100 0 1440 5
34 2 89.6061648833587 -95.2501141651311 100 0 1440 5
35 2 42.9387798801308 -9.28922255964864 100 0 1440 5
36 2 94.8308539732643 -97.0819894080705 100 0 1440 5
37 2 4.29032089360462 -94.6620391540407 100 0 1440 5
38 2 -56.4270990805674 -31.5471521091212 100 0 1440 5
39 2 -86.4738751337889 -29.1421298875562 100 0 1440 5
40 2 -51.4641746456498 -57.7662923334572 100 0 1440 5
41 2 -29.4559822534758 97.750316999965 100 0 1440 5
42 2 10.410094192256 24.6554029142857 100 0 1440 5
43 2 -81.3649577108841 -90.7097382091891 100 0 1440 5
44 2 -80.9263892298127 20.5302377865451 100 0 1440 5
45 2 -19.1036060551859 50.2679655557202 100 0 1440 5
46 2 -9.44976261615906 -4.9093276548632 100 0 1440 5
47 2 85.553353929037 97.762430045519 100 0 1440 5
48 2 90.1957974004979 -29.2464912278149 100 0 1440 5
49 2 -18.735704832941 20.1195248204968 100 0 1440 5
50 2 4.52329439102996 58.1255661569884 100 0 1440 5
51 2 -30.310955909551 -91.7528307524734 100 0 1440 5
52 2 63.6214746390188 80.7105778218329 100 0 1440 5
53 2 63.0673424405664 -60.5814192062368 100 0 1440 5
54 2 -40.7600915427132 -97.6372309732795 100 0 1440 5
55 2 86.8199308228888 -20.2712668741711 100 0 1440 5
56 2 91.9110374706527 -65.705433698821 100 0 1440 5
57 2 59.4139322500858 17.0616003847286 100 0 1440 5
58 2 -28.8183080915097 22.0794650907777 100 0 1440 5
59 2 2.71581181214557 99.9043101493086 100 0 1440 5
60 2 -91.0150135083136 -16.5834476233272 100 0 1440 5
61 2 -34.7967095815001 74.7217995249073 100 0 1440 5
62 2 -74.1251818041427 -21.6141420715388 100 0 1440 5
63 2 17.7612587699848 -69.8602210010804 100 0 1440 5
64 2 37.3709765261999 -7.40609561617589 100 0 1440 5
65 2 38.0100348376139 -87.7424303086727 100 0 1440 5
66 2 -77.2503005508803 50.1818549128956 100 0 1440 5
67 2 5.49629665053359 -57.4664961041734 100 0 1440 5
68 2 86.6139282917921 -48.5351696790076 100 0 1440 5
69 2 -51.4682353728325 96.4868788560082 100 0 1440 5
70 2 5.4660952430801 -44.5644024297025 100 0 1440 5
71 2 16.5312665214508 -35.3002579488717 100 0 1440 5
72 2 -26.1144199322523 -39.9307686407099 100 0 1440 5
73 2 -7.45574419980599 -27.8381246226658 100 0 1440 5
74 2 10.0095607806715 -63.9971679118304 100 0 1440 5
75 2 -56.9187665819932 -39.1089519972141 100 0 1440 5
76 2 95.6814188187714 -42.4437402407762 100 0 1440 5
77 2 -49.277093987147 5.11073584894604 100 0 1440 5
78 2 -23.6582948043541 68.1514266130449 100 0 1440 5
79 2 54.4043630081994 -82.6631278946152 100 0 1440 5
80 2 58.594492727412 -12.9507059153013 100 0 1440 5
81 2 88.3531334768598 -15.103389578222 100 0 1440 5
82 2 -35.886706821983 -13.8493455215922 100 0 1440 5
83 2 -40.2822466029711 -54.8166370616471 100 0 1440 5
84 2 37.5071695883044 -32.2806428949889 100 0 1440 5
85 2 23.866497612638 -62.023668385136 100 0 1440 5
86 2 88.9257856253813 87.730175003415 100 0 1440 5
87 2 -67.2967291019411 -33.8228041017388 100 0 1440 5
88 2 -28.8565319826482 79.6883142754552 100 0 1440 5
89 2 -36.6966284786805 32.2243651305385 100 0 1440 5
90 2 -47.1465224767563 -72.0910439969572 100 0 1440 5
91 2 -59.4949988996127 4.24406274083111 100 0 1440 5
92 2 27.7761509289753 58.2035031871669 100 0 1440 5
93 2 97.2170588537175 89.8202936896567 100 0 1440 5
94 2 -18.5850462425286 -98.3603053497148 100 0 1440 5
95 2 -39.8410109408481 -29.6297306617262 100 0 1440 5
96 2 77.9843332345543 -59.4042431231685 100 0 1440 5
97 2 -12.8016898456032 -32.1190625975404 100 0 1440 5
98 2 98.9091460620024 65.9096058310269 100 0 1440 5
99 2 36.6850049376971 98.7037014175868 100 0 1440 5
100 2 96.7089182151831 -87.1469036131202 100 0 1440 5
101 2 -68.886743741033 14.8510266907081 100 0 1440 5
102 2 75.0078368049323 58.3837596322184 100 0 1440 5
103 2 39.6091339295246 68.5482305454329 100 0 1440 5
104 2 83.4547395218699 62.2126804667971 100 0 1440 5
105 2 -10.6881611772771 65.5491562767125 100 0 1440 5
106 2 -42.2769821838948 -67.6275378960241 100 0 1440 5
107 2 8.47505178815524 -70.066554874775 100 0 1440 5
108 2 37.3398482563012 57.993912806171 100 0 1440 5
109 2 -21.5221194412415 -1.10143874511976 100 0 1440 5
110 2 71.3440749593339 -53.1505140637677 100 0 1440 5
111 2 -57.0590902069746 39.6994036720443 100 0 1440 5
112 2 -47.2060529147022 54.9659196901018 100 0 1440 5
113 2 95.4560002636775 -50.2449312385906 100 0 1440 5
114 2 -97.3336683476269 -74.5567298094358 100 0 1440 5
115 2 89.3478154795439 -89.4560798689852 100 0 1440 5
116 2 -87.9404641579121 41.8629234676018 100 0 1440 5
117 2 -79.6953597909727 39.8773912577511 100 0 1440 5
118 2 24.8090470377726 -70.2314792721808 100 0 1440 5
119 2 3.18495796143381 -22.7622964952403 100 0 1440 5
120 2 -57.7491044324795 42.2313497236075 100 0 1440 5
121 2 -34.0114640234198 -27.0322600565336 100 0 1440 5
122 2 15.1475270077334 80.1609554721693 100 0 1440 5
123 2 -74.3345108265153 -7.77951344443437 100 0 1440 5
124 2 -22.4223995556535 15.6128185452303 100 0 1440 5
125 2 91.5380213155878 24.8435493141031 100 0 1440 5
126 2 -87.6394312139062 0.823251152215221 100 0 1440 5
127 2 -97.3336651371604 77.0490908478777 100 0 1440 5
128 2 21.4408095776896 4.13748277287027 100 0 1440 5
129 2 -23.8333768998679 52.1839163797168 100 0 1440 5
130 2 -72.6789777294321 -33.414439340234 100 0 1440 5
131 2 -4.42582834305725 -23.3238121032471 100 0 1440 5
132 2 38.4621530748355 22.9224886268184 100 0 1440 5
133 2 63.7524639647005 -58.0728294403386 100 0 1440 5
134 2 73.5338138383646 -15.0707173330801 100 0 1440 5
135 2 86.1188690362717 -9.70367131210566 100 0 1440 5
136 2 23.1065893774606 2.24064659997225 100 0 1440 5
137 2 -69.7469473038929 28.2788027692746 100 0 1440 5
138 2 -84.9476591816902 -40.3819223579291 100 0 1440 5
139 2 -38.9352424600197 -14.4963736651064 100 0 1440 5
140 2 89.4121732994286 -44.7552869927108 100 0 1440 5
141 2 -98.9628950401119 15.4217947140822 100 0 1440 5
142 2 -56.7192926674032 -48.7745630945341 100 0 1440 5
143 2 -22.3308529674235 41.763289139304 100 0 1440 5
144 2 -94.5587632767221 67.1029950826039 100 0 1440 5
145 2 -49.2189005607067 61.4042019071476 100 0 1440 5
146 2 -11.2041652887079 -24.9565761350624 100 0 1440 5
147 2 57.1065813597606 14.7070138191722 100 0 1440 5
148 2 -43.580953591475 -20.2776949865665 100 0 1440 5
149 2 55.492336965002 -97.6883435748093 100 0 1440 5
150 2 -49.6999578172812 -41.6974809275615 100 0 1440 5
151 2 30.5963782215478 64.5200611716504 100 0 1440 5
152 2 -37.8724341350896 -19.1953991956041 100 0 1440 5
153 2 34.3843327136845 25.7152679191009 100 0 1440 5
154 2 -19.9587439571552 16.3278132420004 100 0 1440 5
155 2 71.7600655908022 -50.3043510646833 100 0 1440 5
156 2 96.9735107437096 96.8039643598672 100 0 1440 5
157 2 -81.2555659464614 -61.48178610553 100 0 1440 5
158 2 -96.4854319932009 -98.7978951302551 100 0 1440 5
159 2 88.7743885053048 51.6901091178269 100 0 1440 5
160 2 65.2514497002365 36.4208796765013 100 0 1440 5
161 2 15.5976191149215 -83.2928772222303 100 0 1440 5
162 2 70.9854259456428 -73.2982284034307 100 0 1440 5
163 2 -78.8253774385176 66.5200695545238 100 0 1440 5
164 2 -30.5257348193372 -65.4089134637616 100 0 1440 5
165 2 95.8844936642059 73.1471657837986 100 0 1440 5
166 2 39.3513027115183 79.7165969541339 100 0 1440 5
167 2 -11.2980070620786 76.1007319636278 100 0 1440 5
168 2 76.2448510862789 -93.5034024095728 100 0 1440 5
169 2 -69.9644336410167 -65.5574138999768 100 0 1440 5
170 2 65.0852512543032 -8.93995336522551 100 0 1440 5
171 2 73.3780602767915 95.1321312636352 100 0 1440 5
172 2 31.9944867683212 -63.0532207743158 100 0 1440 5
173 2 -81.7620550372602 -20.9827935965606 100 0 1440 5
174 2 -47.5186832671078 -42.4781990740343 100 0 1440 5
175 2 -18.9720027486949 -21.4019265814514 100 0 1440 5
176 2 10.0148893064905 2.54770910211732 100 0 1440 5
177 2 18.3546585971293 -44.0477317744225 100 0 1440 5
178 2 -53.8516611757665 82.2096624499608 100 0 1440 5
179 2 -75.2362578526636 -29.5497384234366 100 0 1440 5
180 2 80.5625085242873 -47.6016642454624 100 0 1440 5
181 2 -38.6291263900297 77.7517691812776 100 0 1440 5
182 2 82.6752399332442 31.673270849231 100 0 1440 5
183 2 0.477078287325838 -24.1920672321626 100 0 1440 5
184 2 -12.5848083057114 -42.3777218527164 100 0 1440 5
185 2 62.4053331370895 -39.9117234231412 100 0 1440 5
186 2 -76.3825424932712 95.9973685583321 100 0 1440 5
187 2 83.1817506245947 47.0111399269669 100 0 1440 5
188 2 87.11290738649 80.864415573285 100 0 1440 5
189 2 -15.2605870638617 67.7150084133089 100 0 1440 5
190 2 80.4307411544279 -18.0023256971793 100 0 1440 5
191 2 63.082793336195 -11.876373494205 100 0 1440 5
192 2 61.2157804128408 -86.0482692120115 100 0 1440 5
193 2 -5.01975142949291 18.1127853001172 100 0 1440 5
194 2 11.7050977803196 69.8477334658463 100 0 1440 5
195 2 -38.4596952575812 2.98905344217673 100 0 1440 5
196 2 -52.7357476789057 85.2381817687728 100 0 1440 5
197 2 -40.6115484785381 -6.92673070462178 100 0 1440 5
198 2 24.0282304273002 -80.0895730369547 100 0 1440 5
199 2 -80.366031618906 -61.2978492496737 100 0 1440 5
200 2 50.7277443911001 -52.2763100095233 100 0 1440 5
201 2 -25.435005693371 -86.6972818122107 100 0 1440 5
202 2 40.0343790383694 29.2431327663593 100 0 1440 5
203 2 -64.1763184352108 -90.6358215016283 100 0 1440 5
204 2 -1.92023741333784 -75.1423543923352 100 0 1440 5
205 2 -99.8940928170477 -57.7367037638325 100 0 1440 5
206 2 -89.3289661625566 6.19084671740495 100 0 1440 5
207 2 -55.7592847509461 -75.7501055612593 100 0 1440 5
208 2 -29.7610535839105 13.0076424342576 100 0 1440 5
209 2 -33.5025084877522 -97.1482051178882 100 0 1440 5
210 2 43.4425545329226 56.6768817710198 100 0 1440 5
211 2 -28.5671084601809 -9.97896194299557 100 0 1440 5
212 2 15.9671261545618 17.8944681111489 100 0 1440 5
213 2 68.4388173674812 -85.8515705485658 100 0 1440 5
214 2 94.3662910471382 -42.7539226903917 100 0 1440 5
215 2 86.9263276680833 8.37915330480286 100 0 1440 5
216 2 86.4170153814378 36.8646873524369 100 0 1440 5
217 2 -78.0576645421071 -14.6488096400148 100 0 1440 5
218 2 28.603363974802 -72.3892373310861 100 0 1440 5
219 2 71.7553577600079 48.558384782477 100 0 1440 5
220 2 54.8737282856287 89.6924686608941 100 0 1440 5
221 2 -37.0225040489039 40.1440398394996 100 0 1440 5
222 2 -6.79717452641384 9.39503151584233 100 0 1440 5
223 2 -30.8486937694518 38.3166946370338 100 0 1440 5
224 2 89.8358736921644 47.672617403299 100 0 1440 5
225 2 96.0863292702719 87.1300576990862 100 0 1440 5
226 2 -34.8755162100439 -92.0318037810404 100 0 1440 5
227 2 -47.130150871255 -12.408240058933 100 0 1440 5
228 2 -65.066459736925 -85.9129093637421 100 0 1440 5
229 2 -36.6859935554125 0.593452137987072 100 0 1440 5
230 2 38.6822371233826 -39.2963961477079 100 0 1440 5
231 2 51.1757622628004 -64.2543771817387 100 0 1440 5
232 2 -84.2179501742855 68.6975815731387 100 0 1440 5
233 2 96.9614590909622 30.7371641252317 100 0 1440 5
234 2 98.7763250320576 -42.3056920269488 100 0 1440 5
235 2 -1.70708256693572 96.3299780811028 100 0 1440 5
236 2 41.7219182816503 -95.2629259172568 100 0 1440 5
237 2 -55.9187983946948 -76.3243936381897 100 0 1440 5
238 2 89.7594680832391 -40.0975971860902 100 0 1440 5
239 2 50.1664506010563 -37.4382043535789 100 0 1440 5
240 2 -0.502973950755603 -41.0564198896566 100 0 1440 5
241 2 -93.6984393586478 -1.15510965900825 100 0 1440 5
242 2 -65.4915710486499 34.9141390304538 100 0 1440 5
243 2 -2.32691167735268 32.2067874943897 100 0 1440 5
244 2 -53.7254375069487 -36.5004145882949 100 0 1440 5
245 2 25.4785794552241 -94.8742924775885 100 0 1440 5
246 2 -15.7509093330439 -38.0817473555652 100 0 1440 5
247 2 37.9546812735263 -87.6739585633928 100 0 1440 5
248 2 1.01187129315647 33.3110414907253 100 0 1440 5
249 2 -36.161072806167 56.856843135553 100 0 1440 5
250 2 86.9097102197465 45.2202513234482 100 0 1440 5
251 2 23.3390561950777 72.348956458886 100 0 1440 5
252 2 6.02688620758229 42.880054131308 100 0 1440 5
253 2 76.6912057052615 -62.9498863717501 100 0 1440 5
254 2 -49.7464317813545 19.5507146376627 100 0 1440 5
255 2 97.3513600887934 28.1934269043731 100 0 1440 5
256 2 84.7304091808844 -55.9042685858969 100 0 1440 5
257 2 56.4471089492393 -52.4996687241682 100 0 1440 5
258 2 45.7687978121761 30.620977434225 100 0 1440 5
259 2 48.608132987345 60.662035262628 100 0 1440 5
260 2 -43.1699547479347 -70.412033391267 100 0 1440 5
261 2 38.6079525858428 84.11671196654 100 0 1440 5
262 2 50.2697385722037 30.8248779699653 100 0 1440 5
263 2 65.9254081304418 98.1008258302822 100 0 1440 5
264 2 88.9171712149285 -44.1407561678659 100 0 1440 5
265 2 3.53615382054144 20.6849546788376 100 0 1440 5
266 2 -45.6092764558171 42.6805649430293 100 0 1440 5
267 2 -38.2387991264018 -73.6849559910937 100 0 1440 5
268 2 -43.8001225160001 6.22986686363447 100 0 1440 5
269 2 -17.7546959162818 -4.59796633376044 100 0 1440 5
270 2 80.6297701670339 11.5516700640597 100 0 1440 5
271 2 -53.8481898420635 27.9940385057088 100 0 1440 5
272 2 -29.7536148808597 -4.29767599260344 100 0 1440 5
273 2 -19.8934603772138 11.9085568652864 100 0 1440 5
274 2 -51.6737917342276 -5.61753469244479 100 0 1440 5
275 2 79.5904188691502 99.4053362026918 100 0 1440 5
276 2 -12.0449975380261 -1.82918560715279 100 0 1440 5
277 2 69.2829775850292 90.1763565422883 100 0 1440 5
278 2 -1.0671591799813 12.6269364840283 100 0 1440 5
279 2 10.8355419137517 43.875711959889 100 0 1440 5
280 2 -41.4317516627413 -89.0277263962787 100 0 1440 5
281 2 -31.1319523307112 32.4917906944634 100 0 1440 5
282 2 52.1697957115101 35.2470172735906 100 0 1440 5
283 2 -85.5740666592688 -0.415111881689256 100 0 1440 5
284 2 -11.599668727677 -37.4044509736564 100 0 1440 5
285 2 31.1176119246248 5.90804622109573 100 0 1440 5
286 2 2.12378915374316 51.6005403615878 100 0 1440 5
287 2 82.7176263367498 -76.544689031779 100 0 1440 5
288 2 -92.9512633123061 16.435687807774 100 0 1440 5
289 2 82.8298277740736 -15.0774526196628 100 0 1440 5
290 2 82.0830840068687 44.2347748169112 100 0 1440 5
291 2 -1.45215757700683 23.4292639483712 100 0 1440 5
292 2 -95.7877634879587 26.8006128144407 100 0 1440 5
293 2 32.840771841628 -53.2316144527201 100 0 1440 5
294 2 27.874988680967 78.0467313536093 100 0 1440 5
295 2 -82.8304313181896 -91.8176101581835 100 0 1440 5
296 2 -27.1608018254362 62.9477744818871 100 0 1440 5
297 2 -50.2320953394339 66.5914987889224 100 0 1440 5
298 2 51.6993048308258 84.9667296164256 100 0 1440 5
299 2 19.8896643412631 -93.6694932660615 100 0 1440 5
300 2 -57.8183675720588 32.7486789462569 100 0 1440 5
301 2 38.5475188412521 20.9181422716554 100 0 1440 5
302 2 -98.0723054546523 42.2670341308873 100 0 1440 5
303 2 66.8824205457092 -3.55558500169906 100 0 1440 5
304 2 13.4319819549781 9.64950534814193 100 0 1440 5
305 2 -0.0236242234656459 75.2000030168929 100 0 1440 5
306 2 29.0655002347115 -82.2073219414307 100 0 1440 5
307 2 -27.0604403594525 -15.3047949240388 100 0 1440 5
308 2 -79.0287847879362 94.9163376994193 100 0 1440 5
309 2 44.3817984628673 -95.1428749795284 100 0 1440 5
310 2 4.04911291841259 -13.1430936018404 100 0 1440 5
311 2 57.4567227992468 -31.2896116861353 100 0 1440 5
312 2 -66.141647537426 31.7238492037006 100 0 1440 5
313 2 -51.2914494847202 79.1216232514458 100 0 1440 5
314 2 42.2785471173064 -86.7610172270503 100 0 1440 5
315 2 78.7455573207858 -65.7710143720536 100 0 1440 5
316 2 85.0431134533387 -71.5334105789793 100 0 1440 5
317 2 -4.27510604568297 23.1179775459012 100 0 1440 5
318 2 -24.7385569472179 -69.3325835546233 100 0 1440 5
319 2 -47.2004225743724 -54.5984787434364 100 0 1440 5
320 2 69.8849386873015 45.7423371673883 100 0 1440 5
321 2 14.7142808430793 65.9985099114138 100 0 1440 5
322 2 81.4712793561888 -38.6330213007597 100 0 1440 5
323 2 77.9310348783547 10.0886813698864 100 0 1440 5
324 2 -9.08680125450516 54.7772945398265 100 0 1440 5
325 2 54.9331963524843 81.585461257778 100 0 1440 5
326 2 38.999141991642 -35.3068097697786 100 0 1440 5
327 2 39.2350982650889 -71.7297901991302 100 0 1440 5
328 2 -57.635031388542 84.633209957525 100 0 1440 5
329 2 66.2797333328761 32.8538960696292 100 0 1440 5
330 2 94.8049575953327 21.5732736853255 100 0 1440 5
331 2 -49.3732977461782 64.6834256634335 100 0 1440 5
332 2 -74.1116935487803 41.3568306097318 100 0 1440 5
333 2 -63.968459029892 42.722476036586 100 0 1440 5
334 2 -41.1493380655337 29.4178779918781 100 0 1440 5
335 2 7.2344906657797 26.0685601234727 100 0 1440 5
336 2 -32.0994611980261 -95.6976027989924 100 0 1440 5
337 2 -63.8241473957784 31.0019561565369 100 0 1440 5
338 2 -73.8756633110448 7.36319361669473 100 0 1440 5
339 2 -32.7746603140504 68.9059220883266 100 0 1440 5
340 2 -30.5573833774297 -16.8217936155315 100 0 1440 5
341 2 72.7683602888497 80.9840693276968 100 0 1440 5
342 2 -94.4590897410102 93.1483903960526 100 0 1440 5
343 2 59.6720100408895 -84.7122849196708 100 0 1440 5
344 2 -39.0278308410522 53.9385787736421 100 0 1440 5
345 2 -3.07823383053361 -70.9637220549425 100 0 1440 5
346 2 -8.06841919838561 -49.3713779229125 100 0 1440 5
347 2 23.8655394719494 -87.4248599399337 100 0 1440 5
348 2 57.3894450776329 82.4628829235621 100 0 1440 5
349 2 36.4389032586097 -93.2993164831416 100 0 1440 5
350 2 -44.1893178005692 -99.1308457887584 100 0 1440 5
351 2 25.5130493320273 -63.2507685350348 100 0 1440 5
352 2 -87.3081071795689 92.0335781717256 100 0 1440 5
353 2 -62.230619313798 -92.821802183299 100 0 1440 5
354 2 -54.6647238354431 39.9614845403875 100 0 1440 5
355 2 66.5507016339852 -90.1283137711587 100 0 1440 5
356 2 59.0046946334333 33.9455517295391 100 0 1440 5
357 2 69.8827710030933 96.7118915869335 100 0 1440 5
358 2 -4.15068381903652 -86.8523624837479 100 0 1440 5
359 2 7.84060537885054 78.8297580480261 100 0 1440 5
360 2 -18.663868776536 80.1493379148781 100 0 1440 5
361 2 -65.184580384048 -53.7337506910703 100 0 1440 5
362 2 24.6307914883154 -22.4658729062327 100 0 1440 5
363 2 57.8095334919276 85.5471016597036 100 0 1440 5
364 2 -72.7417835049032 -27.3488800836162 100 0 1440 5
365 2 54.0620189316279 -79.9681289441125 100 0 1440 5
366 2 51.9368218104411 -95.3776055610291 100 0 1440 5
367 2 -54.873625805056 -51.8997356019227 100 0 1440 5
368 2 79.8146043213599 -63.5372730198753 100 0 1440 5
369 2 55.6471522891137 24.6679749437718 100 0 1440 5
370 2 34.1682360315566 -50.9221603079169 100 0 1440 5
371 2 -10.1956968576424 -32.3116652060051 100 0 1440 5
372 2 32.3093318012589 -8.78484759075491 100 0 1440 5
373 2 73.6260752572285 -3.17213380397305 100 0 1440 5
374 2 -79.0482694766318 -58.3951205736156 100 0 1440 5
375 2 -85.3472748500515 78.1610704836552 100 0 1440 5
376 2 95.2315259572408 81.1194302672277 100 0 1440 5
377 2 -10.0719356238507 -13.6046486623158 100 0 1440 5
378 2 -44.8357346738213 -48.5092260564812 100 0 1440 5
379 2 97.7930968438208 62.8186401920217 100 0 1440 5
380 2 38.4227633257247 83.7790211753941 100 0 1440 5
381 2 -2.13027407908513 -21.0071114655122 100 0 1440 5
382 2 23.4009188871234 -91.6737189541522 100 0 1440 5
383 2 56.9918040579402 -22.5460729434317 100 0 1440 5
384 2 25.6953343938228 55.4281700952686 100 0 1440 5
385 2 47.3297197650275 93.7050775926664 100 0 1440 5
386 2 34.1139845586589 72.6065054264808 100 0 1440 5
387 2 77.8523303083311 39.1161530569818 100 0 1440 5
388 2 -65.5387726646204 23.4910114864306 100 0 1440 5
389 2 -56.5095840777225 90.5939056349737 100 0 1440 5
390 2 51.627654560432 1.36062531760501 100 0 1440 5
391 2 50.4480151720593 -33.1676031835528 100 0 1440 5
392 2 -30.4667920005492 46.9265097304799 100 0 1440 5
393 2 14.2160638449148 -72.5350230313765 100 0 1440 5
394 2 46.4591996076514 -32.3455094622574 100 0 1440 5
395 2 -37.2342361008755 93.5313895401393 100 0 1440 5
396 2 78.1109356043494 -69.3553647882595 100 0 1440 5
397 2 -64.4488829437059 16.4767681607444 100 0 1440 5
398 2 35.854114909089 61.7553985785577 100 0 1440 5
399 2 -85.6298679146114 -92.3282136434537 100 0 1440 5
400 2 -47.9333839096164 -97.6505110546725 100 0 1440 5
401 2 -89.5135818038831 -51.4322381630208 100 0 1440 5
402 2 83.1692657378348 26.9436678718392 100 0 1440 5
403 2 -40.0137282653368 28.5849228272511 100 0 1440 5
404 2 -36.0037424155898 -61.5145988567974 100 0 1440 5
405 2 -66.9449879436037 77.3091252188536 100 0 1440 5
406 2 -99.285371722069 64.4009398772852 100 0 1440 5
407 2 -29.7607124619169 -28.7001211092061 100 0 1440 5
408 2 25.1041549293298 60.5323416088424 100 0 1440 5
409 2 -62.01658331373 83.6734119155395 100 0 1440 5
410 2 57.8907839500097 -20.6995458682883 100 0 1440 5
411 2 5.57661469888941 14.6264850062423 100 0 1440 5
412 2 75.8397927316487 13.7172923511457 100 0 1440 5
413 2 35.5382451437855 79.3425779856378 100 0 1440 5
414 2 34.9358879190596 -65.8301470996861 100 0 1440 5
415 2 39.4390921307483 50.5297177620932 100 0 1440 5
416 2 -75.6920811197681 87.2785453082031 100 0 1440 5
417 2 -38.1278670272174 -51.4385842153942 100 0 1440 5
418 2 -17.6776050125532 -74.2076154293983 100 0 1440 5
419 2 38.0354673577294 63.3367447161319 100 0 1440 5
420 2 32.8241029893725 38.7402005715558 100 0 1440 5
421 2 -62.9130110170003 77.1753216134542 100 0 1440 5
422 2 46.8203885763138 -91.6423125703631 100 0 1440 5
423 2 6.61413194406961 64.0756907318732 100 0 1440 5
424 2 19.5896567193024 -55.7755469984329 100 0 1440 5
425 2 -83.6033505884735 -27.6258743156617 100 0 1440 5
426 2 -92.5290790015161 48.268647965196 100 0 1440 5
427 2 45.9149487818472 88.2530105772091 100 0 1440 5
428 2 90.31135542727 -87.3504323754673 100 0 1440 5
429 2 -55.8149219562701 -62.2034745813309 100 0 1440 5
430 2 -71.8106642740075 -85.0438596685166 100 0 1440 5
431 2 -72.4769049353092 54.6341650508893 100 0 1440 5
432 2 -56.3070368976916 -26.2682432978465 100 0 1440 5
433 2 -23.5796826282218 -63.9675244066311 100 0 1440 5
434 2 78.4451048553741 87.2487661200211 100 0 1440 5
435 2 -6.86409272435142 78.1001104024583 100 0 1440 5
436 2 -94.9228749631793 78.0294838639975 100 0 1440 5
437 2 -76.2015416311137 44.1937013508962 100 0 1440 5
438 2 99.4412774738272 86.2900260763382 100 0 1440 5
439 2 -89.707222982657 31.4099233112742 100 0 1440 5
440 2 -65.8822448118933 31.8390331935746 100 0 1440 5
441 2 -13.8440410425893 88.1053125886652 100 0 1440 5
442 2 -99.5568028706167 -66.3093320969125 100 0 1440 5
443 2 -24.092790987465 -41.2923038097645 100 0 1440 5
444 2 -74.7853923170446 -69.4295063413506 100 0 1440 5
445 2 -1.89729625108512 -73.1956892565151 100 0 1440 5
446 2 58.382709108205 -22.4507332097886 100 0 1440 5
447 2 48.979215103224 -42.1303499201613 100 0 1440 5
448 2 -26.4567155815705 51.3036217764181 100 0 1440 5
449 2 86.4922601343345 51.4135914866429 100 0 1440 5
450 2 -36.4093592778623 -70.8305921872153 100 0 1440 5
451 2 15.1552805764076 -30.7047751018061 100 0 1440 5
452 2 14.8654932119662 18.5433579041728 100 0 1440 5
453 2 52.2598483023636 61.0928593452584 100 0 1440 5
454 2 5.48690030964067 -90.2528481628423 100 0 1440 5
455 2 -61.6577983553732 -64.4962806873778 100 0 1440 5
456 2 63.9059334539191 -33.2349159539206 100 0 1440 5
457 2 -67.6773947358107 -16.3493172344701 100 0 1440 5
458 2 24.2841031532215 -81.0022209239747 100 0 1440 5
459 2 -61.6298445905791 28.9058649984597 100 0 1440 5
460 2 -26.0662512843332 -10.8399764333058 100 0 1440 5
461 2 -28.349214537301 -80.4652693664977 100 0 1440 5
462 2 68.2371950164999 -93.3638830669537 100 0 1440 5
463 2 -51.2605738641817 84.377532550694 100 0 1440 5
464 2 19.288048266413 -15.9385042981569 100 0 1440 5
465 2 -58.7173969557149 -94.6999562310211 100 0 1440 5
466 2 90.6981065040249 -47.1799287223604 100 0 1440 5
467 2 54.7742741659867 18.7705788140576 100 0 1440 5
468 2 62.9385619518025 88.8530502574895 100 0 1440 5
469 2 -25.0305166286275 16.2880074082025 100 0 1440 5
470 2 -2.78896605302847 -54.88770720942 100 0 1440 5
471 2 90.0464963001689 71.2536578972035 100 0 1440 5
472 2 12.7740553874794 25.7298203872153 100 0 1440 5
473 2 65.3025538537939 -41.8684968090687 100 0 1440 5
474 2 10.1105050178411 -22.7897774789795 100 0 1440 5
475 2 -22.2797110269717 -43.6163693634128 100 0 1440 5
476 2 93.1626949207107 74.5047438389406 100 0 1440 5
477 2 59.5852666771371 -67.1654683324661 100 0 1440 5
478 2 56.5609497772904 88.640073295565 100 0 1440 5
479 2 -56.4909119464694 86.0660197756815 100 0 1440 5
480 2 -37.5698856867977 34.7216155615058 100 0 1440 5
481 2 26.381108506191 7.5574088417298 100 0 1440 5
482 2 5.70306035621471 -85.1943838799826 100 0 1440 5
483 2 -1.77587840351592 87.070770625148 100 0 1440 5
484 2 92.2524975982306 42.657247061743 100 0 1440 5
485 2 25.5794147416132 -37.1285472354018 100 0 1440 5
486 2 81.54878497621 -76.7720467855696 100 0 1440 5
487 2 -9.56652562613343 -82.4726105304094 100 0 1440 5
488 2 91.5635550652162 68.3653204026598 100 0 1440 5
489 2 7.98636840794629 52.1298886954824 100 0 1440 5
490 2 60.4933645115388 -25.4922281779187 100 0 1440 5
491 2 63.5395255140615 -31.1686555134841 100 0 1440 5
492 2 5.42583182486354 -66.2651627666378 100 0 1440 5
493 2 -5.1376737488944 64.7345138454128 100 0 1440 5
494 2 -74.210617704275 -34.5131145670024 100 0 1440 5
495 2 -83.3783169228703 28.6514264431261 100 0 1440 5
496 2 48.4183509079919 -35.3936242586599 100 0 1440 5
497 2 43.4906771234658 -46.5395247813248 100 0 1440 5
498 2 96.0543603759028 87.2811815626591 100 0 1440 5
499 2 64.6804018942412 76.2355789365685 100 0 1440 5
500 2 -57.5558446488166 -81.6903190822586 100 0 1440 5
501 2 -8.22249976533058 59.6343265681483 100 0 1440 5
502 2 -29.1400020819559 -37.6975922734999 100 0 1440 5
503 2 -78.5424665006083 -17.029479556733 100 0 1440 5
504 2 20.4628762223713 12.5564260262593 100 0 1440 5
505 2 -6.95464665371688 49.8433429800357 100 0 1440 5
506 2 -56.3222900338097 12.081539750838 100 0 1440 5
507 2 -13.2028805184696 99.1582929429612 100 0 1440 5
508 2 -69.4949839605037 -77.5577043337421 100 0 1440 5
509 2 1.5985834884269 63.9868841036176 100 0 1440 5
510 2 20.9316872588126 51.6517890608526 100 0 1440 5
511 2 -89.4501979147783 22.2306843830765 100 0 1440 5
512 2 -71.5738004646475 -90.6171466792387 100 0 1440 5
513 2 50.3016152765007 66.8634095416465 100 0 1440 5
514 2 -44.3627396945736 -93.5553819137596 100 0 1440 5
515 2 -73.6869116120324 -37.8697152509474 100 0 1440 5
516 2 -16.7887937782488 -0.872031220069402 100 0 1440 5
517 2 -26.6742655938664 -5.88043758298653 100 0 1440 5
518 2 -44.9210865734152 4.09744542517103 100 0 1440 5
519 2 -99.1612331176846 46.3447480062527 100 0 1440 5
520 2 35.2391617061251 -64.4301066693458 100 0 1440 5
521 2 -29.6160535955188 -11.7294503686921 100 0 1440 5
522 2 -45.7911430396244 6.26703490716807 100 0 1440 5
523 2 28.7278377908756 40.0886446790807 100 0 1440 5
524 2 -54.2271727863003 -97.1196168971233 100 0 1440 5
525 2 83.1875532159948 31.6338598308974 100 0 1440 5
526 2 -40.0763716614527 14.4878751955417 100 0 1440 5
527 2 17.0723809423741 96.3851023329298 100 0 1440 5
528 2 -44.9635107316446 -69.4174165367087 100 0 1440 5
529 2 60.5221527007892 0.401172596151866 100 0 1440 5
530 2 66.1027552353893 -90.6898309300033 100 0 1440 5
531 2 50.992847536866 96.3072437245884 100 0 1440 5
532 2 26.5985139853065 74.4836998470191 100 0 1440 5
533 2 25.2548286237321 -12.2938751305625 100 0 1440 5
534 2 15.2700764924909 -36.6026359699589 100 0 1440 5
535 2 -91.4416753717667 91.3972448867284 100 0 1440 5
536 2 97.3761929287214 -99.0352070820961 100 0 1440 5
537 2 24.7483612123823 73.4284131375048 100 0 1440 5
538 2 39.9648790225037 6.95846835982081 100 0 1440 5
539 2 -97.6336163479068 -81.7113520879005 100 0 1440 5
540 2 -24.5679300125907 92.944348448043 100 0 1440 5
541 2 -54.4276491381005 -45.3924776161031 100 0 1440 5
542 2 -44.6134286049663 -82.1642907049949 100 0 1440 5
543 2 65.0981868272417 19.8153757030568 100 0 1440 5
544 2 31.8325012216981 -57.0974151928169 100 0 1440 5
545 2 4.06521006505258 -7.27781467299877 100 0 1440 5
546 2 94.603177307787 58.7634024323478 100 0 1440 5
547 2 -32.3464122412425 77.3987084520442 100 0 1440 5
548 2 -81.8092378653709 -98.3262265473968 100 0 1440 5
549 2 86.21504114545 82.7244879593721 100 0 1440 5
550 2 78.5904946460938 90.7592140225489 100 0 1440 5
551 2 -38.9899749291096 36.2612941186612 100 0 1440 5
552 2 -91.8814206794075 11.2841603101117 100 0 1440 5
553 2 3.49147987211822 -96.3996500960533 100 0 1440 5
554 2 -4.4046716660624 -45.6956897129572 100 0 1440 5
555 2 66.7380703978601 88.0250776689351 100 0 1440 5
556 2 -91.3384740554697 -34.0666115632189 100 0 1440 5
557 2 55.6746475335522 -28.6390793972188 100 0 1440 5
558 2 -72.2072323203882 -71.0857996006638 100 0 1440 5
559 2 6.14555456069112 -35.4921536575731 100 0 1440 5
560 2 -83.1047169951709 -82.7123651439535 100 0 1440 5
561 2 -52.6085834506354 82.7522448539312 100 0 1440 5
562 2 -92.0659585808686 -43.102607728477 100 0 1440 5
563 2 -45.6887417417938 92.040900712793 100 0 1440 5
564 2 -92.7886691669691 -31.4270130442083 100 0 1440 5
565 2 91.9832571976563 11.6033637121021 100 0 1440 5
566 2 -85.3419538394768 48.5442927865989 100 0 1440 5
567 2 -67.191783899694 -42.6118261925708 100 0 1440 5
568 2 26.4221977834843 -13.4721036599501 100 0 1440 5
569 2 54.4939955362359 99.6158292686928 100 0 1440 5
570 2 22.3662064321196 -26.3159033827975 100 0 1440 5
571 2 -86.294254688341 44.3549330518223 100 0 1440 5
572 2 -53.3320444339374 -98.9061394750593 100 0 1440 5
573 2 -65.0201249041892 69.5304243268609 100 0 1440 5
574 2 -89.9631129620182 -11.5072797285933 100 0 1440 5
575 2 97.4783729339258 -85.5679876957666 100 0 1440 5
576 2 80.2072131750727 59.7937953694725 100 0 1440 5
577 2 74.0083774232765 -19.0103095127697 100 0 1440 5
578 2 3.0821409235763 46.6301505061864 100 0 1440 5
579 2 48.7388978546441 25.3293337463376 100 0 1440 5
580 2 95.5274238674811 57.0678736318314 100 0 1440 5
581 2 -25.8736809467713 -51.9523193401298 100 0 1440 5
582 2 -26.6738617451686 0.23088874918642 100 0 1440 5
583 2 26.2518864908991 -91.9897081045534 100 0 1440 5
584 2 -9.18911785641896 -31.5930824582153 100 0 1440 5
585 2 -25.7581950141777 42.161164518167 100 0 1440 5
586 2 -45.5888150863039 -91.0335143305844 100 0 1440 5
587 2 -72.527036544097 -44.1536154960616 100 0 1440 5
588 2 78.644350183226 84.9437457798217 100 0 1440 5
589 2 -11.7213187508959 -84.3706720897828 100 0 1440 5
590 2 43.4138011133292 -55.6555274625083 100 0 1440 5
591 2 -17.1016789633889 -81.2307123884821 100 0 1440 5
592 2 14.9618156907543 66.2331877536587 100 0 1440 5
593 2 -74.8738083760578 97.8318197433637 100 0 1440 5
594 2 54.1798933360418 -98.3966914839385 100 0 1440 5
595 2 81.7979338104969 40.8053845159358 100 0 1440 5
596 2 65.5614456017311 -92.7282094372686 100 0 1440 5
597 2 43.8206061096786 40.2478123575023 100 0 1440 5
598 2 63.8646152971184 13.0082755210225 100 0 1440 5
599 2 -11.5549727703872 31.135570927789 100 0 1440 5
600 2 -54.8606373953696 50.3785565413011 100 0 1440 5
601 2 66.0596512086293 16.1215539027822 100 0 1440 5
602 2 51.3890761376423 -5.95143520583008 100 0 1440 5
603 2 -83.256588499939 -83.1690289249721 100 0 1440 5
604 2 -13.3655660694153 -36.6216382292009 100 0 1440 5
605 2 -32.4353653924426 -83.2272962626732 100 0 1440 5
606 2 65.0026165494502 47.9811118278946 100 0 1440 5
607 2 -28.8066454150005 89.6730120227957 100 0 1440 5
608 2 -97.2201756356746 -47.3999815479658 100 0 1440 5
609 2 0.469219334242865 28.9325543605983 100 0 1440 5
610 2 75.8659360353398 -95.6379512174436 100 0 1440 5
611 2 33.4257306593081 -70.0258840257746 100 0 1440 5
612 2 -12.8913720705604 82.5212565278889 100 0 1440 5
613 2 60.8278649672762 26.120055898032 100 0 1440 5
614 2 -24.4530829923427 73.651956037159 100 0 1440 5
615 2 -23.9267571559601 67.0730828178179 100 0 1440 5
616 2 68.2624552010687 33.4632124471284 100 0 1440 5
617 2 8.50101597719899 61.9543716525655 100 0 1440 5
618 2 57.5475539283879 -37.3235929860499 100 0 1440 5
619 2 19.5365815487826 19.1870476870278 100 0 1440 5
620 2 79.303415699173 -55.4426745400519 100 0 1440 5
621 2 -28.9118202228828 14.4335057386868 100 0 1440 5
622 2 -13.543041806124 -85.331387082428 100 0 1440 5
623 2 12.2424422500551 44.5597107976809 100 0 1440 5
624 2 -67.1685026845118 -38.7221456641157 100 0 1440 5
625 2 19.2440995609125 -2.40864368537217 100 0 1440 5
626 2 -96.9480280327012 12.8162865293888 100 0 1440 5
627 2 11.2793890338644 -68.6466506711511 100 0 1440 5
628 2 -96.9390927727027 -64.8464601052865 100 0 1440 5
629 2 87.6272895071757 30.5783604283263 100 0 1440 5
630 2 -60.356513337981 17.6801566976138 100 0 1440 5
631 2 -32.1633872694527 -44.5100663871941 100 0 1440 5
632 2 -92.3894987488545 -92.1577487590355 100 0 1440 5
633 2 33.8942624269883 34.0937089927834 100 0 1440 5
634 2 27.1931242789414 96.546877663863 100 0 1440 5
635 2 -19.3403050299771 -56.3455176003075 100 0 1440 5
636 2 -45.3850089103803 52.5727660926691 100 0 1440 5
637 2 77.5668424336764 -89.77007709356 100 0 1440 5
638 2 64.2015023009982 46.724389866759 100 0 1440 5
639 2 70.7765519855791 92.9316044625111 100 0 1440 5
640 2 -25.134818575679 43.0281480949759 100 0 1440 5
641 2 -58.7359822873374 -45.8266061658023 100 0 1440 5
642 2 87.0958653478887 -85.0168986367891 100 0 1440 5
643 2 -47.9642055056793 -80.9460136919213 100 0 1440 5
644 2 94.0370513081525 -26.9345034907474 100 0 1440 5
645 2 28.70385096954 44.83730566471 100 0 1440 5
646 2 32.8214292941972 71.7915715079954 100 0 1440 5
647 2 24.5388024824017 31.9993982595619 100 0 1440 5
648 2 -83.3289431899509 -39.7628438316985 100 0 1440 5
649 2 -82.9549723655056 -33.6138348404333 100 0 1440 5
650 2 16.5673460540155 -88.3093089677374 100 0 1440 5
651 2 1.83587622316779 -29.3193963237812 100 0 1440 5
652 2 -8.58540563472658 31.8987880883128 100 0 1440 5
653 2 -84.4483155988009 23.7439828099994 100 0 1440 5
654 2 -38.9652402648061 20.095665161594 100 0 1440 5
655 2 -2.20411264366547 67.7303685759725 100 0 1440 5
656 2 -93.8578732155968 14.7600136281824 100 0 1440 5
657 2 48.229223178307 32.5609574167302 100 0 1440 5
658 2 -91.6190126336538 72.0104189142347 100 0 1440 5
659 2 -54.6520836436748 60.8915814264421 100 0 1440 5
660 2 21.9190363741355 -72.9463424131836 100 0 1440 5
661 2 -45.0071219683345 -12.2536695914093 100 0 1440 5
662 2 21.9504198997335 -90.4156437798719 100 0 1440 5
663 2 96.8324252178938 -80.7196946299442 100 0 1440 5
664 2 96.3768321230312 7.06992812905014 100 0 1440 5
665 2 74.0948651953794 44.5578884155353 100 0 1440 5
666 2 -57.8706983068479 -16.8632829986251 100 0 1440 5
667 2 64.4885766871589 -89.2026023511292 100 0 1440 5
668 2 -30.0810995946726 2.62218393080502 100 0 1440 5
669 2 67.9500087298457 82.3714051116738 100 0 1440 5
670 2 -0.861890826049461 34.2190888547435 100 0 1440 5
671 2 -0.356626133828541 -98.777856505275 100 0 1440 5
672 2 92.2775511559401 93.0812514341085 100 0 1440 5
673 2 -14.8362030951127 63.6361258439493 100 0 1440 5
674 2 5.30181188829957 -50.5180575231435 100 0 1440 5
675 2 80.457356519144 46.0291642503464 100 0 1440 5
676 2 -47.7053260302164 18.9355676026025 100 0 1440 5
677 2 -86.5191131138921 49.1552110620844 100 0 1440 5
678 2 -49.6851383611578 -79.4436275273227 100 0 1440 5
679 2 80.6206529084641 12.7276719870437 100 0 1440 5
680 2 40.3998810785318 53.4047360681654 100 0 1440 5
681 2 71.5361378025953 85.7128670654234 100 0 1440 5
682 2 -94.7556820861529 7.8575376879229 100 0 1440 5
683 2 25.1822484886183 54.529955384605 100 0 1440 5
684 2 21.1115766579447 -33.5456029407283 100 0 1440 5
685 2 11.7043147740979 43.2027050822924 100 0 1440 5
686 2 4.49108031099072 -74.8383922939723 100 0 1440 5
687 2 4.73439528615174 45.4137941390272 100 0 1440 5
688 2 -78.0120455811122 -96.3693759982846 100 0 1440 5
689 2 62.0086689757976 45.7946821975057 100 0 1440 5
690 2 -80.3442388411064 -62.9966653497178 100 0 1440 5
691 2 -84.5368517062134 -17.8486883362964 100 0 1440 5
692 2 -44.1935120648331 -69.5476278176784 100 0 1440 5
693 2 -78.0373386811938 15.31079014364 100 0 1440 5
694 2 -34.7677059604642 -7.61331806822625 100 0 1440 5
695 2 20.1150777068271 60.6345883496928 100 0 1440 5
696 2 84.3520406613045 77.6708173662712 100 0 1440 5
697 2 45.3831598245095 24.8624704717045 100 0 1440 5
698 2 83.2789364146755 5.99625408375175 100 0 1440 5
699 2 -16.280731670026 41.8361701506953 100 0 1440 5
700 2 5.045285093383 63.5247347586642 100 0 1440 5
701 2 92.6275032708837 46.9355471168299 100 0 1440 5
702 2 42.6928870593976 -57.9574156769553 100 0 1440 5
703 2 27.9427799826742 37.0004197583611 100 0 1440 5
704 2 95.7446830260785 66.1913812009459 100 0 1440 5
705 2 -84.6291138110907 72.4912798746018 100 0 1440 5
706 2 58.4413015059148 56.0696489791525 100 0 1440 5
707 2 69.2468052311305 62.1694701335556 100 0 1440 5
708 2 -11.5931586409879 -27.0473440071783 100 0 1440 5
709 2 48.9545827872085 76.2849548036641 100 0 1440 5
710 2 87.0780512007492 -93.5017095683605 100 0 1440 5
711 2 -41.4501767249028 -61.0946473407935 100 0 1440 5
712 2 58.8916204055415 42.1666282302851 100 0 1440 5
713 2 -69.5004101169708 -91.5137599297836 100 0 1440 5
714 2 87.1021345784165 -39.6254573035463 100 0 1440 5
715 2 23.8931113175845 -48.922315319642 100 0 1440 5
716 2 18.0499341571199 79.9548310503837 100 0 1440 5
717 2 35.3943314177023 -96.1816517499685 100 0 1440 5
718 2 -53.8097892452605 -13.2628336982037 100 0 1440 5
719 2 32.6430372455995 -93.1558863029423 100 0 1440 5
720 2 -31.6662555436544 55.586035673349 100 0 1440 5
721 2 30.4291296346967 16.8158586036171 100 0 1440 5
722 2 -27.9377109570838 -43.7859884058327 100 0 1440 5
723 2 36.0536199500466 -99.5414720243005 100 0 1440 5
724 2 -49.4806864681713 -42.1424693672861 100 0 1440 5
725 2 78.7642104983966 15.4338653401467 100 0 1440 5
726 2 19.7161699954655 46.9021421152121 100 0 1440 5
727 2 -63.4480938870873 -79.7001441555508 100 0 1440 5
728 2 -53.2636581520016 29.345244084044 100 0 1440 5
729 2 0.0820734317265703 95.1239303857861 100 0 1440 5
730 2 84.9927961751781 -5.7180378100071 100 0 1440 5
731 2 26.8977747898639 -92.4779115616232 100 0 1440 5
732 2 -71.1528192770224 -93.785640417093 100 0 1440 5
733 2 88.6891179507494 11.625131672038 100 0 1440 5
734 2 -67.0887666418047 16.8609053673123 100 0 1440 5
735 2 -9.59115638362462 -66.0160268400787 100 0 1440 5
736 2 45.3218716676481 38.3523882227053 100 0 1440 5
737 2 22.9954822743615 73.1013104597324 100 0 1440 5
738 2 48.9385653723424 99.4375528527115 100 0 1440 5
739 2 -77.2697870344764 38.6246376203118 100 0 1440 5
740 2 25.1063268990329 67.9069725229965 100 0 1440 5
741 2 61.7161114872111 80.8884337142857 100 0 1440 5
742 2 -97.6634517261594 -77.6776364252299 100 0 1440 5
743 2 38.1678468855618 -61.7907836724285 100 0 1440 5
744 2 -56.4174720188809 3.88100995892842 100 0 1440 5
745 2 15.300135333964 -37.0011999521452 100 0 1440 5
746 2 -7.04656793447711 -12.4534899746692 100 0 1440 5
747 2 57.3934521454071 -88.6236351132723 100 0 1440 5
748 2 43.571182046248 46.2579965224108 100 0 1440 5
749 2 -94.4903017769583 5.6616302440105 100 0 1440 5
750 2 16.3059206596792 -87.964373485724 100 0 1440 5
751 2 38.3677792161613 44.1773589778549 100 0 1440 5
752 2 -66.5711624498037 -14.7991967943483 100 0 1440 5
753 2 -18.2665534820423 55.5623958805555 100 0 1440 5
754 2 -73.4771967113453 32.9205889794792 100 0 1440 5
755 2 8.61833151679363 -79.1957121224257 100 0 1440 5
756 2 -5.35697598592648 29.187410797681 100 0 1440 5
757 2 49.5339406943764 39.0760520661118 100 0 1440 5
758 2 -97.301646933672 1.60275799255771 100 0 1440 5
759 2 -15.4534682478932 -55.0373352103648 100 0 1440 5
760 2 22.9305427061611 -99.482559115512 100 0 1440 5
761 2 85.0923224410188 24.672152806103 100 0 1440 5
762 2 31.4301509035921 -69.1135708989492 100 0 1440 5
763 2 22.2284566711146 -14.6484112497959 100 0 1440 5
764 2 -0.30440228318227 77.4436334433972 100 0 1440 5
765 2 58.6276292825424 40.8026400137558 100 0 1440 5
766 2 -93.2074445190345 -96.5634528523509 100 0 1440 5
767 2 34.2123140739538 -47.0275946265147 100 0 1440 5
768 2 44.8060193795762 -40.7472660776932 100 0 1440 5
769 2 -29.4677881974827 -46.0340903182541 100 0 1440 5
770 2 -81.276397518544 50.0150537070994 100 0 1440 5
771 2 28.104898395457 38.4946262032983 100 0 1440 5
772 2 36.9973944915564 83.9405651944162 100 0 1440 5
773 2 -84.1212289553745 -89.726428769886 100 0 1440 5
774 2 -48.2203212131957 -37.6054507185899 100 0 1440 5
775 2 -24.7216763064905 64.6656789362382 100 0 1440 5
776 2 -95.1835197136795 -62.3036277209337 100 0 1440 5
777 2 -63.8814038297916 -51.2708714539244 100 0 1440 5
778 2 -51.5611201597686 -81.4567356060167 100 0 1440 5
779 2 -98.1826046296824 -58.241126717958 100 0 1440 5
780 2 -11.1331583877067 -38.7681597806818 100 0 1440 5
781 2 91.204644950286 5.5606237313512 100 0 1440 5
782 2 -95.3894791211859 66.6206462232964 100 0 1440 5
783 2 8.86704445471125 -46.6882202732123 100 0 1440 5
784 2 -44.7787867301251 80.0604980068954 100 0 1440 5
785 2 -8.96282782982567 46.33209707264 100 0 1440 5
786 2 -40.2651647613844 -60.4818200832398 100 0 1440 5
787 2 75.8283107736069 -55.0849690354497 100 0 1440 5
788 2 -99.7833480396302 64.1535339451138 100 0 1440 5
789 2 -37.9563264751745 86.1915292508641 100 0 1440 5
790 2 -80.166544564306 53.1253762253783 100 0 1440 5
791 2 77.390423840756 40.5693682631394 100 0 1440 5
792 2 -71.5498952001433 56.9683603404258 100 0 1440 5
793 2 92.8689750830152 -11.5042556951934 100 0 1440 5
794 2 9.09783522611534 79.196169599831 100 0 1440 5
795 2 54.175592790903 69.1365675295444 100 0 1440 5
796 2 8.64358385112567 -95.3334220867987 100 0 1440 5
797 2 2.56536089850314 -31.8144356352306 100 0 1440 5
798 2 84.0793333480953 -22.3637166113889 100 0 1440 5
799 2 16.8121791874789 47.6676923407112 100 0 1440 5
800 2 -83.8503013731945 63.4083028183738 100 0 1440 5
801 2 -94.6633061537092 68.6673196718758 100 0 1440 5
802 2 -35.7287578506053 -76.7725687211652 100 0 1440 5
803 2 34.5409890319551 38.8999337052766 100 0 1440 5
804 2 -43.7801389831911 65.9301316665733 100 0 1440 5
805 2 7.80454726210209 -70.410370101358 100 0 1440 5
806 2 -66.1503931969058 68.249536620354 100 0 1440 5
807 2 61.9984828029821 76.9711088218841 100 0 1440 5
808 2 -71.2409604067822 -11.8156675636271 100 0 1440 5
809 2 67.9284274632117 -82.2128147135558 100 0 1440 5
810 2 51.5662433148727 -54.8425362262066 100 0 1440 5
811 2 91.6097648534382 38.4087035997069 100 0 1440 5
812 2 43.1425027457358 72.6371616682741 100 0 1440 5
813 2 69.1262297287459 -45.2039313844963 100 0 1440 5
814 2 69.2639260249145 32.4140681231398 100 0 1440 5
815 2 84.063275993514 -75.2918437931967 100 0 1440 5
816 2 20.7715526008322 36.8945208310549 100 0 1440 5
817 2 18.805132817581 -58.272028476982 100 0 1440 5
818 2 -95.7897221924291 81.7766838935057 100 0 1440 5
819 2 25.6281755879563 18.3228914119283 100 0 1440 5
820 2 33.3968141777014 24.6434772511066 100 0 1440 5
821 2 67.4271996019648 -44.0765288149393 100 0 1440 5
822 2 -63.5765413281 36.7794814146947 100 0 1440 5
823 2 -11.3855380044022 -24.3535720145715 100 0 1440 5
824 2 16.8392067341649 40.468487495383 100 0 1440 5
825 2 62.3980138949854 -26.312654122124 100 0 1440 5
826 2 -90.6106890337888 -40.1505620288077 100 0 1440 5
827 2 30.0649426792965 -71.4253060751574 100 0 1440 5
828 2 72.5902867556393 50.9214735985893 100 0 1440 5
829 2 -99.5192539499875 -40.4582795658072 100 0 1440 5
830 2 -98.9538181102624 -70.5610211207926 100 0 1440 5
831 2 -46.1927721855893 80.4944967708352 100 0 1440 5
832 2 -76.1247854597052 -68.7047849747671 100 0 1440 5
833 2 23.1021024102368 -45.1843548898168 100 0 1440 5
834 2 -98.3597934854366 -31.24634206861 100 0 1440 5
835 2 -17.7170162760667 -96.9480912209136 100 0 1440 5
836 2 -71.886841166468 90.8698317571634 100 0 1440 5
837 2 -89.169323813568 97.0225238786909 100 0 1440 5
838 2 -13.9696029790706 -75.9014411501511 100 0 1440 5
839 2 37.1107449684125 66.812139213765 100 0 1440 5
840 2 -35.6884835351018 -81.0275536027746 100 0 1440 5
841 2 76.4722798410638 -93.6403793356462 100 0 1440 5
842 2 -99.7505536509571 23.5624118880963 100 0 1440 5
843 2 11.1276464187817 71.9302785282068 100 0 1440 5
844 2 11.7818864405713 -39.9895743203501 100 0 1440 5
845 2 30.6409015568725 86.796684536246 100 0 1440 5
846 2 95.6027169705159 15.703732222542 100 0 1440 5
847 2 -70.3055008597751 -15.7898883015733 100 0 1440 5
848 2 15.6673004445345 -52.2910857221916 100 0 1440 5
849 2 -0.672009131947249 -93.3964526263352 100 0 1440 5
850 2 38.3144479825582 -86.9014007258357 100 0 1440 5
851 2 45.3376964152021 -72.5639895249131 100 0 1440 5
852 2 95.1217742015679 -92.8963137000437 100 0 1440 5
853 2 9.90684103215571 -53.2006399793133 100 0 1440 5
854 2 -1.2932237719518 47.0550086009808 100 0 1440 5
855 2 87.3404987337601 34.6207268195471 100 0 1440 5
856 2 91.584806655181 67.4106523635885 100 0 1440 5
857 2 -69.8271017791605 35.8889454451187 100 0 1440 5
858 2 81.1237296446087 -22.5059594980536 100 0 1440 5
859 2 96.6853090792533 18.8197222896221 100 0 1440 5
860 2 77.445016413612 -80.286327360966 100 0 1440 5
861 2 -55.5651098924081 -74.6154400825318 100 0 1440 5
862 2 -5.71108645418903 -4.05659802709977 100 0 1440 5
863 2 -83.2123876624003 -11.5795193593286 100 0 1440 5
864 2 -50.5113325829818 0.482638752913545 100 0 1440 5
865 2 -18.6642710694493 -97.0058342744423 100 0 1440 5
866 2 -18.4878269623674 -90.2157888448102 100 0 1440 5
867 2 81.751315158197 2.32306340764552 100 0 1440 5
868 2 16.8803982789832 85.2540999420853 100 0 1440 5
869 2 -30.0037933914531 88.9901314404099 100 0 1440 5
870 2 31.137077273295 -97.6627940824045 100 0 1440 5
871 2 -53.5857149053761 -62.8140192662855 100 0 1440 5
872 2 -39.974967744535 36.3770213487044 100 0 1440 5
873 2 94.2385619884952 16.1550882490261 100 0 1440 5
874 2 -30.1523662503961 -73.9301292878196 100 0 1440 5
875 2 36.2419503532514 -78.0807377888962 100 0 1440 5
876 2 84.510907294311 -35.4534251529799 100 0 1440 5
877 2 39.0610628022579 54.8344833696845 100 0 1440 5
878 2 -95.0707966520802 -94.8487116553082 100 0 1440 5
879 2 -39.8341160221101 83.8644249997614 100 0 1440 5
880 2 23.4367281184639 35.9191752925369 100 0 1440 5
881 2 -20.8011925888947 -87.9918159346161 100 0 1440 5
882 2 -73.6948506771192 -1.22316419986248 100 0 1440 5
883 2 25.7533587985954 46.608848989483 100 0 1440 5
884 2 -48.2244952040155 -15.0777124158367 100 0 1440 5
885 2 -53.4799860840998 6.92629827105549 100 0 1440 5
886 2 5.14731594200626 -91.8698442358362 100 0 1440 5
887 2 -76.3670780272385 -78.8601187288819 100 0 1440 5
888 2 -31.9692952499842 -22.5571575700258 100 0 1440 5
889 2 31.1711267111285 5.73719035017035 100 0 1440 5
890 2 33.0849949793027 97.5451479808584 100 0 1440 5
891 2 -93.109899553378 40.0518046824843 100 0 1440 5
892 2 -28.7086923381871 -90.1015887927883 100 0 1440 5
893 2 20.7981330609037 -16.3315170036341 100 0 1440 5
894 2 -65.4863992340005 44.3760370876049 100 0 1440 5
895 2 -18.8135888347126 -1.22338230538759 100 0 1440 5
896 2 -84.1059847800345 -73.2343971928515 100 0 1440 5
897 2 -37.1644552249315 -24.2953512042831 100 0 1440 5
898 2 -45.7691629984616 32.2788860676127 100 0 1440 5
899 2 -57.3560876405573 88.3173854039498 100 0 1440 5
900 2 -38.7475698310645 92.4604578554408 100 0 1440 5
901 2 -53.2314374364809 75.3376074652763 100 0 1440 5
902 2 -26.3952989720586 -40.9467630392527 100 0 1440 5
903 2 53.0765947368302 -69.2792661038553 100 0 1440 5
904 2 -48.9854183899631 -36.9640718014068 100 0 1440 5
905 2 -53.5619968531229 -54.1504427164895 100 0 1440 5
906 2 40.7042337706834 -57.1121270267128 100 0 1440 5
907 2 -74.0610260933586 61.5328727470384 100 0 1440 5
908 2 53.5617360079819 68.9818420471624 100 0 1440 5
909 2 36.8716317016343 19.7200817282535 100 0 1440 5
910 2 13.300486049193 -20.199991372769 100 0 1440 5
911 2 11.4013078649457 -57.2586570735112 100 0 1440 5
912 2 74.9629958561179 42.4830676663248 100 0 1440 5
913 2 -94.210395282105 -20.867615162193 100 0 1440 5
914 2 -91.6282655398923 -69.7474729102197 100 0 1440 5
915 2 -84.7500741307222 35.2124998706515 100 0 1440 5
916 2 -84.1482495465179 -99.1880989955689 100 0 1440 5
917 2 -83.1542091521591 -65.8136786891916 100 0 1440 5
918 2 27.7235425364076 94.3791963236237 100 0 1440 5
919 2 63.8502175305113 -88.6074460116575 100 0 1440 5
920 2 85.2916057467958 32.1010151501753 100 0 1440 5
921 2 49.8307998230437 45.3086998604945 100 0 1440 5
922 2 -13.4391746144466 -27.0568918013538 100 0 1440 5
923 2 -63.8011065498581 -52.9521966328915 100 0 1440 5
924 2 -92.4490173094732 -79.4363779909986 100 0 1440 5
925 2 42.4766120187506 -27.5158491610156 100 0 1440 5
926 2 10.3256385097531 -94.9011027943101 100 0 1440 5
927 2 24.1311912311055 95.0775059446286 100 0 1440 5
928 2 61.8071360781421 -4.70219091062631 100 0 1440 5
929 2 -10.8332362567332 76.3126616472064 100 0 1440 5
930 2 84.8409740114825 -75.7753920870101 100 0 1440 5
931 2 53.0377631902574 14.9406509110733 100 0 1440 5
932 2 -19.8480917023225 -9.867673210465 100 0 1440 5
933 2 -86.2298941694384 -55.4673040539043 100 0 1440 5
934 2 -54.2225901126152 -20.4656071940889 100 0 1440 5
935 2 -2.01495539936403 7.99570160804564 100 0 1440 5
936 2 -4.12690503525184 61.5414140753785 100 0 1440 5
937 2 26.9802156142212 -27.4683748153151 100 0 1440 5
938 2 75.6860206136743 33.8785346506114 100 0 1440 5
939 2 63.9219637916362 -7.93980531027074 100 0 1440 5
940 2 -18.1631381138736 27.4765629400576 100 0 1440 5
941 2 -97.043395139125 -12.5019865392844 100 0 1440 5
942 2 40.3175197261682 67.0826000222547 100 0 1440 5
943 2 63.6949179352193 -62.2451071881315 100 0 1440 5
944 2 -52.1017846929901 62.0334345359595 100 0 1440 5
945 2 65.7279287412187 73.2531092293939 100 0 1440 5
946 2 40.6741675980733 89.3728431384005 100 0 1440 5
947 2 -76.1179991537183 -15.2949993857945 100 0 1440 5
948 2 76.618089895107 9.19245236966617 100 0 1440 5
949 2 62.7314634167611 26.431709875915 100 0 1440 5
950 2 83.2175401186511 -99.1197083618061 100 0 1440 5
951 2 -24.0034683746906 57.4287662619994 100 0 1440 5
952 2 -31.8328185853368 -36.5580895494702 100 0 1440 5
953 2 21.0271823204174 54.5653776673831 100 0 1440 5
954 2 77.8818164758867 -79.0887415520189 100 0 1440 5
955 2 49.3989954714429 8.7516033122526 100 0 1440 5
956 2 38.148213543554 -94.0872532165145 100 0 1440 5
957 2 -68.861176290924 12.7537980997502 100 0 1440 5
958 2 62.018806746287 -45.3826636260231 100 0 1440 5
959 2 -27.7044295059234 -67.1583198297313 100 0 1440 5
960 2 66.1698907865691 -18.275554903272 100 0 1440 5
961 2 84.1384045662629 67.9928841554002 100 0 1440 5
962 2 18.1275024949322 64.8932445626059 100 0 1440 5
963 2 -91.5095231488813 -89.5292630978318 100 0 1440 5
964 2 28.3573519380134 57.5618401948759 100 0 1440 5
965 2 -0.495301566972017 -21.1389575129985 100 0 1440 5
966 2 4.19749608890712 -26.2237915308532 100 0 1440 5
967 2 10.0984470420364 75.8617016689854 100 0 1440 5
968 2 -36.4144989532512 -91.9270851717499 100 0 1440 5
969 2 24.45025724518 -16.8521699567449 100 0 1440 5
970 2 -52.2778230727646 30.3158674753007 100 0 1440 5
971 2 -49.7873213161888 -72.507508452027 100 0 1440 5
972 2 -78.9268446631972 -54.5020115311104 100 0 1440 5
973 2 -40.1743802450063 -2.85795784783858 100 0 1440 5
974 2 67.9141752904435 -49.1709832036889 100 0 1440 5
975 2 14.5626935979287 44.4831950067382 100 0 1440 5
976 2 16.0775120366687 29.0110108839315 100 0 1440 5
977 2 -26.6265883844859 47.6790855774325 100 0 1440 5
978 2 85.3820870128779 62.6488028182592 100 0 1440 5
979 2 -22.5144104634701 15.7016457958363 100 0 1440 5
980 2 80.7799985704214 -31.4260141030218 100 0 1440 5
981 2 98.0191047055847 -18.319697436327 100 0 1440 5
982 2 -45.4959253190985 63.9233035061608 100 0 1440 5
983 2 -34.9267666241538 40.4802105254461 100 0 1440 5
984 2 -60.9438669362241 72.6758632280792 100 0 1440 5
985 2 -18.9507342262779 -72.2002756140441 100 0 1440 5
986 2 10.9605035600943 -50.2862619765125 100 0 1440 5
987 2 -82.8529928949543 -82.1555753082478 100 0 1440 5
988 2 -43.3264153817895 80.1475488029496 100 0 1440 5
989 2 49.442186978964 -79.0734545805819 100 0 1440 5
990 2 -34.6356670454178 -51.4121377962596 100 0 1440 5
991 2 99.7507804386139 5.41192441865945 100 0 1440 5
992 2 22.5641853062832 63.3149964220536 100 0 1440 5
993 2 87.2798534068146 -57.3255787554999 100 0 1440 5
994 2 93.6545462016205 64.0994190146984 100 0 1440 5
995 2 -8.85815361960525 -0.372066319535236 100 0 1440 5
996 2 -97.8327916587368 -6.92734381982518 100 0 1440 5
997 2 -16.9157348615876 -20.3784931965444 100 0 1440 5
998 2 75.8944650045557 -78.0101743440326 100 0 1440 5
999 2 -33.2013814325826 65.7613792711103 100 0 1440 5
1000 2 -29.5572106257957 16.0298675271008 100 0 1440 5
1001 2 98.0851939510465 -44.0520368762449 100 0 1440 5
1002 2 17.3433563072912 86.643591430456 100 0 1440 5
1003 2 -57.2470482783679 -70.9064817143556 100 0 1440 5
1004 2 80.0059303715848 -90.2969026399546 100 0 1440 5
1005 2 -69.1594827718554 -41.7495263759903 100 0 1440 5
1006 2 49.1463024133829 29.2742730304013 100 0 1440 5
1007 2 -98.4059909623177 27.9887753795137 100 0 1440 5
1008 2 -51.0669119733613 53.7972360384344 100 0 1440 5
1009 2 -90.7056658431408 37.6961235180389 100 0 1440 5
1010 2 -49.2861324471129 -94.4869136214294 100 0 1440 5
1011 2 21.779662834836 -74.9547004286867 100 0 1440 5
1012 2 -36.855088842497 -16.0605232883199 100 0 1440 5
1013 2 28.2721317913762 48.3108083327082 100 0 1440 5
1014 2 61.8396566000889 31.517606665264 100 0 1440 5
1015 2 -41.5695226987971 74.2805628546179 100 0 1440 5
1016 2 79.8702540453071 -21.2003841494322 100 0 1440 5
1017 2 68.5763310600713 60.0801500551611 100 0 1440 5
1018 2 -40.1695758547667 35.4133007217428 100 0 1440 5
1019 2 82.5703846583615 -49.6848646154788 100 0 1440 5
1020 2 -8.45184483467207 -27.6490746271179 100 0 1440 5
1021 2 83.2596052946393 71.6737119250709 100 0 1440 5
1022 2 -34.6000453766145 -95.1740516292915 100 0 1440 5
1023 2 -24.1827714254789 59.7755845045057 100 0 1440 5
1024 2 63.6260332643367 -19.9039407461044 100 0 1440 5
1025 2 -82.6825736406796 39.9861153875364 100 0 1440 5
1026 2 -89.1955032964539 -48.541678105542 100 0 1440 5
1027 2 -1.18458884565555 75.6452573792714 100 0 1440 5
1028 2 -4.93608476273764 -18.5972299876539 100 0 1440 5
1029 2 -61.0446440416503 42.3214752222478 100 0 1440 5
1030 2 -45.3259023588565 70.1098052613389 100 0 1440 5
1031 2 -95.7580576664448 62.0495194991449 100 0 1440 5
