781 -56.184264 -34.892256 0 360 0 2 4178
1699 -56.188213 -34.892722 0 360 2400 2 5795
1700 -56.189193 -34.892386 0 360 2400 2 5795
1701 -56.192837 -34.895960 0 360 2400 2 521
1702 -56.190994 -34.897882 0 360 2400 2 2078
1703 -56.192523 -34.897001 0 360 3200 2 4585
1714 -56.183374 -34.894908 0 360 3200 2 521
1716 -56.187619 -34.893798 0 360 2400 2 6851
1731 -56.190176 -34.894631 0 360 3200 2 2950
1843 -56.179947 -34.890803 0 360 2400 2 5885
1844 -56.183057 -34.891085 0 360 2400 2 3313
1846 -56.169170 -34.890174 0 360 2400 2 2097
1874 -56.190409 -34.892898 0 360 3200 2 505
1875 -56.190497 -34.892034 0 360 2400 2 505
1877 -56.193047 -34.897038 0 360 3200 2 4585
1883 -56.184917 -34.892630 0 360 3200 2 4178
1889 -56.184727 -34.891436 0 360 0 2 3313
1890 -56.185784 -34.891610 0 360 0 2 3313
1901 -56.189376 -34.891793 0 360 2400 2 3216
2208 -56.171744 -34.890854 0 360 3200 2 2511
2209 -56.181952 -34.894821 0 360 2400 2 2844
2220 -56.178014 -34.889242 0 360 2400 2 3373
2222 -56.176778 -34.889383 0 360 2400 2 2274
2223 -56.175826 -34.888922 0 360 2400 2 1954
2224 -56.175665 -34.890055 0 360 2400 2 1954
2225 -56.174133 -34.892270 0 360 2400 2 2150
2226 -56.176645 -34.890575 0 360 2400 2 2274
2227 -56.168026 -34.889823 0 360 2400 2 183
2228 -56.169007 -34.889230 0 360 3200 2 3313
2229 -56.167007 -34.888307 0 360 2400 2 2456
2230 -56.174255 -34.891304 0 360 3200 2 2150
2231 -56.167766 -34.891740 0 360 2400 2 183
2232 -56.169002 -34.891846 0 360 2400 2 2097
2233 -56.168048 -34.890810 0 360 2400 2 4529
2234 -56.165529 -34.891566 0 360 2400 2 1006
2235 -56.182223 -34.891496 0 360 2400 2 2759
2236 -56.179042 -34.892818 0 360 2400 2 3983
2237 -56.181178 -34.893069 0 360 2400 2 3983
2238 -56.180805 -34.895018 0 360 2400 2 450
2239 -56.182973 -34.891735 0 360 2400 2 4178
2244 -56.180287 -34.890406 0 360 2400 2 3313
2245 -56.179191 -34.893647 0 360 2400 2 6462
2246 -56.178973 -34.891301 0 360 2400 2 3800
2247 -56.179022 -34.890341 0 360 3200 2 3800
2248 -56.179235 -34.891753 0 360 3200 2 4529
2249 -56.180072 -34.891811 0 360 2400 2 4529
2250 -56.181378 -34.891932 0 360 2400 2 4529
2251 -56.182304 -34.892284 0 360 2400 2 4529
2252 -56.182863 -34.892451 0 360 2400 2 4529
2253 -56.181691 -34.894191 0 360 0 2 4992
2254 -56.182093 -34.893484 0 360 3200 2 4992
2255 -56.181648 -34.894670 0 360 2400 2 2844
2256 -56.181145 -34.894612 0 360 2400 2 450
2257 -56.179401 -34.893994 0 360 3200 2 5885
2258 -56.179006 -34.892820 0 360 2400 2 3983
2259 -56.181668 -34.890746 0 360 3200 2 3313
2260 -56.175603 -34.890738 0 360 2400 2 1954
2261 -56.182650 -34.890930 0 360 2400 2 3313
2262 -56.175823 -34.888943 0 360 2400 2 1954
2263 -56.175358 -34.892337 0 360 3200 2 1954
2264 -56.175521 -34.891398 0 360 2400 2 1954
2265 -56.174512 -34.889373 0 360 3200 2 2150
2266 -56.166582 -34.891068 0 360 2400 2 2456
2267 -56.165596 -34.890898 0 360 2400 2 1006
2268 -56.168008 -34.890067 0 360 2400 2 183
2269 -56.166719 -34.890238 0 360 0 2 2456
2270 -56.170812 -34.889054 0 360 0 2 3742
2271 -56.177920 -34.890060 0 360 2400 2 3373
2272 -56.167215 -34.890718 0 360 2400 2 4529
2273 -56.177674 -34.892747 0 360 3200 2 3373
2274 -56.171943 -34.889096 0 360 2400 2 2511
2275 -56.176488 -34.891675 0 360 2400 2 2274
2276 -56.173361 -34.891479 0 360 3200 2 2585
2277 -56.170506 -34.891297 0 360 2400 2 3742
2278 -56.176730 -34.889905 0 360 2400 2 2274
2279 -56.176507 -34.891513 0 360 3200 2 2274
2280 -56.177612 -34.893147 0 360 2400 2 3373
2281 -56.173590 -34.889302 0 360 2400 2 2585
2282 -56.176354 -34.892603 0 360 2400 2 2274
2283 -56.165813 -34.889081 0 360 2400 2 1006
2284 -56.174379 -34.890412 0 360 2400 2 2150
2285 -56.173507 -34.889917 0 360 2400 2 2585
2286 -56.170416 -34.891957 0 360 2400 2 3742
2287 -56.181026 -34.893264 0 360 2400 2 450
2288 -56.173621 -34.888861 0 360 2400 2 2585
2289 -56.166839 -34.889381 0 360 2400 2 2456
2290 -56.171954 -34.888919 0 360 3200 2 2511
2291 -56.170828 -34.889017 0 360 2400 2 3742
2292 -56.168350 -34.891736 0 360 2400 2 1015
2293 -56.168459 -34.889169 0 360 2400 2 3313
2294 -56.169070 -34.891156 0 360 2400 2 2097
2295 -56.165679 -34.890212 0 360 2400 2 1006
2296 -56.173396 -34.890981 0 360 2400 2 2585
2297 -56.173292 -34.892189 0 360 2400 2 2585
2298 -56.171683 -34.891654 0 360 2400 2 2511
2299 -56.168434 -34.891180 0 360 2400 2 1015
2300 -56.177741 -34.891834 0 360 3200 2 3373
2307 -56.189503 -34.893242 0 360 2400 2 2950
2308 -56.189873 -34.894110 0 360 2400 2 2950
2719 -56.179746 -34.892902 0 360 2400 2 5885
2820 -56.184340 -34.895363 0 360 2400 2 4179
2821 -56.187070 -34.898432 0 360 2400 2 2508
2822 -56.190490 -34.898362 0 360 3200 2 778
2823 -56.183343 -34.894894 0 360 3200 2 521
2824 -56.186090 -34.893759 0 360 0 2 4529
2825 -56.189827 -34.896847 0 360 3200 2 778
2826 -56.185698 -34.892720 0 360 2400 2 4178
2827 -56.183789 -34.893031 0 360 0 2 870
2840 -56.183710 -34.893168 0 360 0 2 870
2846 -56.182956 -34.894414 0 360 0 2 870
2847 -56.183599 -34.893916 0 360 0 2 3983
2850 -56.183460 -34.893639 0 360 0 2 870
2892 -56.183948 -34.892723 0 360 0 2 870
3041 -56.190614 -34.896079 0 360 2400 2 2950
3042 -56.190614 -34.898634 0 360 3200 2 778
3043 -56.184326 -34.896951 0 360 2400 2 4429
3044 -56.188304 -34.894034 0 360 2400 2 778
3045 -56.186536 -34.892725 0 360 2400 2 5000
3046 -56.188702 -34.898610 0 360 3200 2 6679
3047 -56.183608 -34.896646 0 360 2400 2 4179
3048 -56.188778 -34.896996 0 360 2400 2 6865
3049 -56.183917 -34.896108 0 360 2400 2 4179
3050 -56.188256 -34.896276 0 360 3200 2 521
3051 -56.188160 -34.897373 0 360 2400 2 6851
3052 -56.190890 -34.894080 0 360 2400 2 4529
3053 -56.184666 -34.896389 0 360 2400 2 4429
3063 -56.189264 -34.897970 0 360 2400 2 6865
3070 -56.188672 -34.898091 0 360 2400 2 4978
3074 -56.189163 -34.897709 0 360 2400 2 6865
3076 -56.187642 -34.893072 0 360 2400 2 6851
3077 -56.187448 -34.897281 0 360 2400 2 4585
3078 -56.185039 -34.895585 0 360 2400 2 521
3079 -56.186954 -34.894264 0 360 2400 2 4529
3080 -56.186591 -34.895391 0 360 3200 2 4865
3081 -56.184741 -34.894708 0 360 2400 2 4179
3082 -56.186171 -34.896078 0 360 3200 2 4865
3083 -56.185957 -34.894024 0 360 2400 2 4429
3084 -56.188012 -34.893328 0 360 2400 2 778
3085 -56.188785 -34.894622 0 360 2400 2 778
3086 -56.186482 -34.897720 0 360 2400 2 3289
3087 -56.183378 -34.895134 0 360 2400 2 3034
3088 -56.188495 -34.893602 0 360 3200 2 778
3090 -56.190189 -34.897591 0 360 3200 2 778
3091 -56.187340 -34.896226 0 360 2400 2 3289
3093 -56.186923 -34.897001 0 360 2400 2 3289
3094 -56.187108 -34.895423 0 360 3200 2 3983
3095 -56.185485 -34.894929 0 360 3200 2 4429
3096 -56.189169 -34.895677 0 360 2400 2 778
3097 -56.187848 -34.896491 0 360 2400 2 521
3098 -56.182832 -34.895977 0 360 3200 2 3034
3179 -56.189034 -34.894570 0 360 3200 2 778
3226 -56.189025 -34.894551 0 360 0 2 778
3253 -56.189734 -34.896012 0 360 2400 2 778
3254 -56.189963 -34.896493 0 360 3200 2 778
3297 -56.190250 -34.897305 0 360 2400 2 778
5055 -56.191353 -34.894686 0 360 2400 2 2078
6366 -56.192869 -34.895962 0 360 2400 2 521
6375 -56.182648 -34.894886 0 360 0 2 870
6377 -56.165885 -34.888479 0 360 2400 2 1006
7324 -56.177815 -34.890622 0 360 2400 2 3373
7833 -56.189054 -34.894601 0 360 3200 2 778
7866 -56.191428 -34.895870 0 360 2400 2 521
8379 -56.171864 -34.889903 0 360 2400 2 2511
8447 -56.174384 -34.890394 0 360 0 2 2150
8452 -56.184911 -34.892626 0 360 0 2 4178
8884 -56.189440 -34.895416 0 360 2400 2 778
9006 -56.190688 -34.898790 0 360 2400 2 778
9083 -56.190092 -34.896976 0 360 2400 2 778
9277 -56.189445 -34.895437 0 360 3200 2 778
9465 -56.185883 -34.896603 0 360 3200 2 4865
9477 -56.185222 -34.893926 0 360 3200 2 4179
9545 -56.170663 -34.889979 0 360 3200 2 3742
