#  ndepot: 13
#   ndump: 6
# npickup: 1000
#
# trash collection test problem
#
# type: 0:  vehicle
#       1:  dump
#       2:  pickup
#
# For vehicles:
#   demand - is vehicle capcity
#   x,y - vehicle home location
#   tw_open - start time for the vehicle
#   tw_close - time vechile must be home
#   service - NA
#
# For dump facilities:
#   demand - NA
#   x,y - location of the dump
#   tw_open - time dump opens
#   tw_close - time dump closes
#   service - time to service the dump
#
# For pickup locations
#   demand - potential load to add to vehicle
#   x,y - location of pickup
#   tw_open - earliest pickup time
#   tw_close - latest pickup time
#   service - time to service the pickup
#
# Times are in minutes from 0 hour (mid-night)
#
#nid    type    x       y       demand  tw_open tw_close        service
0 0 -50.8291395233748 -65.6821980425832 10000 0 1440 0
1 0 98.8992566785122 11.4046634354864 10000 0 1440 0
2 0 -68.4876977675081 95.7469019078388 10000 0 1440 0
3 0 -43.4198415099054 36.3668768283034 10000 0 1440 0
4 0 -12.9556019807914 67.4488995342017 10000 0 1440 0
5 0 62.2819356652677 -35.4995746184656 10000 0 1440 0
6 0 -98.9820722896205 -88.3292067632709 10000 0 1440 0
7 0 -0.70275420721444 -12.17961104701 10000 0 1440 0
8 0 -96.7899691370228 80.5751965612274 10000 0 1440 0
9 0 -15.2633614244316 32.5138275658915 10000 0 1440 0
10 0 47.8606047243183 -66.7983314392501 10000 0 1440 0
11 0 -56.6113805791879 87.057070244218 000001 0 1440 0
12 0 -96.5238531265236 -83.9116650054507 000001 0 1440 0
13 1 -27.9303361938027 -96.2419147796865 0 0 1440 30
14 1 42.1024161696188 -9.51463339727923 0 0 1440 30
15 1 82.1250195956615 86.3479568596048 0 0 1440 30
16 1 44.1969792832658 49.1878584781432 0 0 1440 30
17 1 9.37458784733494 32.0262868836053 0 0 1440 30
18 1 -11.6140611537581 -78.1730356282225 0 0 1440 30
19 2 -65.8471825683655 -66.49400701004 100 0 1440 5
20 2 -14.4825343279017 47.305094113085 100 0 1440 5
21 2 46.0814474591494 38.7363092671151 100 0 1440 5
22 2 69.5047440710574 -72.6111062957187 100 0 1440 5
23 2 46.3781466058428 -85.1333876187269 100 0 1440 5
24 2 65.0841485120402 50.8529085553448 100 0 1440 5
25 2 -76.9933075827659 48.5308178746223 100 0 1440 5
26 2 -77.9725357308926 -19.3074067338472 100 0 1440 5
27 2 -80.3956309263818 44.6903245564087 100 0 1440 5
28 2 -90.608693269342 -31.3820111671816 100 0 1440 5
29 2 97.2938014050179 -52.7943556077545 100 0 1440 5
30 2 -9.46085375300285 45.2442526572582 100 0 1440 5
31 2 -50.7614513425445 -89.7292469978666 100 0 1440 5
32 2 4.03307024539643 -71.8173892277775 100 0 1440 5
33 2 51.798516131273 93.2226443639948 100 0 1440 5
34 2 -73.2098256484583 93.8005177584699 100 0 1440 5
35 2 44.6716688376164 -47.4606149129002 100 0 1440 5
36 2 -70.5161680777273 -74.9168295735217 100 0 1440 5
37 2 -62.6132887491543 62.6959511685939 100 0 1440 5
38 2 -98.9803907832105 -65.7646610379715 100 0 1440 5
39 2 -6.52360642748206 -61.2838940235875 100 0 1440 5
40 2 -64.3691660879874 73.9830663932082 100 0 1440 5
41 2 -10.2230198332656 -37.3766451868036 100 0 1440 5
42 2 74.9463503025517 8.66445642583074 100 0 1440 5
43 2 70.3552324770321 -33.4375986915987 100 0 1440 5
44 2 -23.8656321832472 -19.0421665850295 100 0 1440 5
45 2 -13.025920708359 -91.7326534403784 100 0 1440 5
46 2 49.3980929275587 51.4293289922676 100 0 1440 5
47 2 55.8110341868193 -70.9480741007738 100 0 1440 5
48 2 52.7925906404342 -71.939259848142 100 0 1440 5
49 2 69.0034358471188 27.9731828987352 100 0 1440 5
50 2 44.2746130003719 -33.2623740877608 100 0 1440 5
51 2 -74.1992057631769 -36.2190517590605 100 0 1440 5
52 2 -69.5604790239877 -10.3426234829158 100 0 1440 5
53 2 28.5709867784441 32.3441348885993 100 0 1440 5
54 2 94.5184751511739 -81.7972869850308 100 0 1440 5
55 2 1.17282628204904 13.19899305863 100 0 1440 5
56 2 -25.4936576173911 84.5880684661836 100 0 1440 5
57 2 99.436678863335 -35.4230986279831 100 0 1440 5
58 2 52.9928224675622 10.219877464246 100 0 1440 5
59 2 -95.523592011245 29.7478166922744 100 0 1440 5
60 2 36.2277034057293 -90.9627293695507 100 0 1440 5
61 2 -81.2959774073569 34.8929770890962 100 0 1440 5
62 2 79.6424685374724 85.0623477417145 100 0 1440 5
63 2 61.7720754241752 -25.7453374310799 100 0 1440 5
64 2 -35.4237338063278 92.0593996852347 100 0 1440 5
65 2 -80.1078450988577 34.3845792004586 100 0 1440 5
66 2 -33.9589249976449 59.775477997843 100 0 1440 5
67 2 -91.6401977270944 -23.5664434691742 100 0 1440 5
68 2 59.3603181632552 -30.9691161562569 100 0 1440 5
69 2 -74.4290716734589 -77.7734517632823 100 0 1440 5
70 2 95.4037603237317 83.3927784111921 100 0 1440 5
71 2 9.88136270807374 53.1062142851837 100 0 1440 5
72 2 -3.47917633201789 77.8685163669309 100 0 1440 5
73 2 -48.4963933251585 -14.9115480101486 100 0 1440 5
74 2 70.371047966254 7.69278569660798 100 0 1440 5
75 2 -5.95776075458119 12.7619457410489 100 0 1440 5
76 2 54.515855121776 48.6745134801481 100 0 1440 5
77 2 8.65580977017189 78.7139333620942 100 0 1440 5
78 2 54.3466247003927 33.6610804029675 100 0 1440 5
79 2 -96.7625005915927 14.3337534991005 100 0 1440 5
80 2 49.7819055314046 -20.4610104128562 100 0 1440 5
81 2 -4.90658763278375 79.0171556879741 100 0 1440 5
82 2 66.8979422278802 -78.9829298589012 100 0 1440 5
83 2 -75.3448724674918 93.5756352598602 100 0 1440 5
84 2 49.6131468907215 69.5508751720581 100 0 1440 5
85 2 6.70616480436692 -6.32098845488116 100 0 1440 5
86 2 49.7052578330319 29.6104703825023 100 0 1440 5
87 2 31.969360536754 22.1839124159928 100 0 1440 5
88 2 72.4012613898488 14.6386152800289 100 0 1440 5
89 2 -36.1421345242753 15.1085735694565 100 0 1440 5
90 2 76.7712722630712 99.1877269694982 100 0 1440 5
91 2 81.5256389907113 -77.1867804056868 100 0 1440 5
92 2 8.03003489242613 62.6822989670359 100 0 1440 5
93 2 -49.5220222999286 -68.2319217095639 100 0 1440 5
94 2 21.0800855405843 67.9739369774239 100 0 1440 5
95 2 -54.0421526950134 -72.6043975868734 100 0 1440 5
96 2 95.3204646340517 71.409182609608 100 0 1440 5
97 2 92.7736460649406 -42.7574534981076 100 0 1440 5
98 2 -90.3792460887722 -19.2888629304917 100 0 1440 5
99 2 -60.5324206266069 36.6789832205242 100 0 1440 5
100 2 78.7736955950386 15.9048824650199 100 0 1440 5
101 2 -33.3448701760894 -14.9320438158199 100 0 1440 5
102 2 99.6672936298161 -56.7608590149547 100 0 1440 5
103 2 91.5342284949013 15.6590670792625 100 0 1440 5
104 2 33.4606625006138 -47.8571756273993 100 0 1440 5
105 2 16.1317334252452 -67.7853035067969 100 0 1440 5
106 2 91.4335397879121 -56.599579698505 100 0 1440 5
107 2 -40.3862370964994 42.5865727638481 100 0 1440 5
108 2 -5.2411230983175 58.7548509867815 100 0 1440 5
109 2 89.3493767500068 -4.74415616803725 100 0 1440 5
110 2 55.6978308860472 -23.0041648888658 100 0 1440 5
111 2 36.4231107340963 -81.5105139645439 100 0 1440 5
112 2 -41.2616387107157 51.3361994325066 100 0 1440 5
113 2 -45.3949898622319 -89.3673864797492 100 0 1440 5
114 2 -0.280947646304952 92.7133337528829 100 0 1440 5
115 2 3.69614075256592 -60.3421550396959 100 0 1440 5
116 2 -70.6497053041339 -8.10162522636801 100 0 1440 5
117 2 -54.412858221955 84.0621530781121 100 0 1440 5
118 2 -79.257865279876 -98.6029467600673 100 0 1440 5
119 2 -88.1637123218987 37.2963795371092 100 0 1440 5
120 2 80.1734967364958 -99.3462428150622 100 0 1440 5
121 2 -96.7441924544211 -65.9843443612985 100 0 1440 5
122 2 -96.3823353607459 -17.2804354762008 100 0 1440 5
123 2 23.6799334259608 96.5581403992516 100 0 1440 5
124 2 -28.6745604568573 18.1360932183793 100 0 1440 5
125 2 -68.8106241424101 -19.6724154938394 100 0 1440 5
126 2 -92.4631705283581 66.265319235427 100 0 1440 5
127 2 -49.3762819012439 81.4300638572703 100 0 1440 5
128 2 -83.7539604548503 62.7313340542003 100 0 1440 5
129 2 -38.1103573688712 -98.6203876258614 100 0 1440 5
130 2 -43.3905213732793 64.2286670439688 100 0 1440 5
131 2 30.6580170544002 -87.550766952684 100 0 1440 5
132 2 28.4140435490208 -17.9864038724645 100 0 1440 5
133 2 -56.5492660813483 -18.0643087794166 100 0 1440 5
134 2 -0.0103526315818669 -10.6248747261333 100 0 1440 5
135 2 50.3878828788395 -29.0135925488144 100 0 1440 5
136 2 -5.34261392934852 -94.1486679788738 100 0 1440 5
137 2 -0.838603700058371 78.5874813944261 100 0 1440 5
138 2 39.4794512872785 -95.3901050791416 100 0 1440 5
139 2 -3.08818640830353 36.8412055535643 100 0 1440 5
140 2 19.5704573731241 75.0691120147735 100 0 1440 5
141 2 -12.9756823914967 40.9021809097865 100 0 1440 5
142 2 36.0188221422142 -80.5570702924655 100 0 1440 5
143 2 -59.532229087052 5.15113790209938 100 0 1440 5
144 2 64.6527841631958 41.5207291821559 100 0 1440 5
145 2 91.8401830705555 43.7476084633218 100 0 1440 5
146 2 1.19511827501029 73.8351773190715 100 0 1440 5
147 2 -4.95506508123711 74.124500335931 100 0 1440 5
148 2 66.1351873996018 13.7496534256343 100 0 1440 5
149 2 19.418234434746 -90.0977938096545 100 0 1440 5
150 2 -44.1167946992913 -68.6440755402344 100 0 1440 5
151 2 -18.3012560853747 46.8649496483053 100 0 1440 5
152 2 57.0610441663014 56.9831723396703 100 0 1440 5
153 2 30.6391621707142 31.9404406753407 100 0 1440 5
154 2 95.3531652769961 41.2764898709924 100 0 1440 5
155 2 -71.9041691461321 -51.436603551106 100 0 1440 5
156 2 42.0418430637888 -52.9731307065163 100 0 1440 5
157 2 52.5102233146264 -61.483106767507 100 0 1440 5
158 2 -61.3406449442799 -76.8291780487829 100 0 1440 5
159 2 77.8545301297406 -75.4093375085532 100 0 1440 5
160 2 77.2077850715966 24.6964016235722 100 0 1440 5
161 2 34.0165400398085 92.5551429718681 100 0 1440 5
162 2 59.8510970196607 77.7888701186811 100 0 1440 5
163 2 54.5356910691389 -44.4678377675999 100 0 1440 5
164 2 93.2257443351155 0.743854326719884 100 0 1440 5
165 2 -23.5134034693978 -42.519641333142 100 0 1440 5
166 2 -0.478152092320983 -65.5860884426119 100 0 1440 5
167 2 27.6775969561179 -98.0363191139318 100 0 1440 5
168 2 -34.1415341701456 -79.1937428558811 100 0 1440 5
169 2 61.3540142375676 -77.4826720614769 100 0 1440 5
170 2 -62.5597460686286 7.6103274870178 100 0 1440 5
171 2 -37.9421490866839 -25.2248662579589 100 0 1440 5
172 2 -13.6095606437316 15.7241654272298 100 0 1440 5
173 2 22.6117480921594 -60.7915352275469 100 0 1440 5
174 2 70.4830628863512 55.2136355973886 100 0 1440 5
175 2 96.4041524694146 -83.892995989585 100 0 1440 5
176 2 13.3474518182773 -65.3514823239959 100 0 1440 5
177 2 -33.0810912409994 88.6891488837719 100 0 1440 5
178 2 -15.1835735387145 -95.3901022119027 100 0 1440 5
179 2 94.0649511407564 -28.5280310395208 100 0 1440 5
180 2 -2.71161776139976 86.6742951400965 100 0 1440 5
181 2 31.2344785038782 -27.1094370540865 100 0 1440 5
182 2 37.24868844781 45.7969348539592 100 0 1440 5
183 2 35.6900258552507 -64.6079633815148 100 0 1440 5
184 2 62.0493664640328 -98.6901786263104 100 0 1440 5
185 2 -13.9837492444123 2.72300619879076 100 0 1440 5
186 2 67.9043170544482 77.4150922568737 100 0 1440 5
187 2 -17.2398984533125 -39.1106722098769 100 0 1440 5
188 2 98.6720210137896 -41.0891478654435 100 0 1440 5
189 2 -58.5626140602507 -57.5745245480149 100 0 1440 5
190 2 54.8452020276592 35.8806136247409 100 0 1440 5
191 2 30.8436767475875 37.4264506733297 100 0 1440 5
192 2 82.3489780240386 -60.7210814820121 100 0 1440 5
193 2 94.737038662722 61.6501169985796 100 0 1440 5
194 2 -9.00790021686007 -62.0500088819455 100 0 1440 5
195 2 -7.25170149128829 62.4002278270538 100 0 1440 5
196 2 58.0715457417519 -10.0563012837938 100 0 1440 5
197 2 -31.2644261762593 -54.5170345447374 100 0 1440 5
198 2 -85.3244277494944 -76.5110256952056 100 0 1440 5
199 2 -95.7274165266433 58.0503477616034 100 0 1440 5
200 2 -42.7341284790025 25.2195062938938 100 0 1440 5
201 2 34.7089517334005 17.485198044325 100 0 1440 5
202 2 57.3723276344744 -2.0847683157541 100 0 1440 5
203 2 29.0543464345596 -81.3476740837999 100 0 1440 5
204 2 -94.4444532252014 32.9462953704592 100 0 1440 5
205 2 -12.769075183386 -58.028054666822 100 0 1440 5
206 2 85.6594337956814 -57.2710284996305 100 0 1440 5
207 2 -45.9507397966611 -87.8780277106344 100 0 1440 5
208 2 60.8901558356827 87.8958955996666 100 0 1440 5
209 2 44.2557509781658 89.128511947014 100 0 1440 5
210 2 9.14543745424581 87.7411409853465 100 0 1440 5
211 2 -86.5364668839057 5.6663754877647 100 0 1440 5
212 2 81.6308331780483 49.1445023372535 100 0 1440 5
213 2 82.6281912089904 -29.8033267297612 100 0 1440 5
214 2 -97.8860150807826 -79.9458643260749 100 0 1440 5
215 2 56.5031530092931 -63.1257745408689 100 0 1440 5
216 2 65.7854559554728 53.282759887162 100 0 1440 5
217 2 -12.6283784887029 -20.1534733477033 100 0 1440 5
218 2 -56.1578974529731 -57.4547370708075 100 0 1440 5
219 2 -16.9086910104348 9.64610967489961 100 0 1440 5
220 2 25.4376613060863 -93.8449117829919 100 0 1440 5
221 2 92.5191517206677 -81.0178118664837 100 0 1440 5
222 2 21.0318576320653 -11.4514836796019 100 0 1440 5
223 2 -88.2553351726649 58.6232300281708 100 0 1440 5
224 2 64.5154403791373 -77.1097839665856 100 0 1440 5
225 2 21.9167063032522 13.6124382066001 100 0 1440 5
226 2 55.5206829325165 -50.3744700065482 100 0 1440 5
227 2 -84.9117796978881 96.2808002126323 100 0 1440 5
228 2 13.3966235358749 69.3051956078307 100 0 1440 5
229 2 0.341084706186479 94.0502326293839 100 0 1440 5
230 2 -78.5877894654298 -20.2381053252765 100 0 1440 5
231 2 -38.9724406724334 33.6101958480626 100 0 1440 5
232 2 -59.5498663221285 17.3354872434686 100 0 1440 5
233 2 -1.55991866064156 53.5878068044909 100 0 1440 5
234 2 97.9960232581369 -97.9796705512314 100 0 1440 5
235 2 31.386346184518 -51.6782578819587 100 0 1440 5
236 2 -91.5365528440866 -57.0359862260261 100 0 1440 5
237 2 99.4158077666462 66.9269147415051 100 0 1440 5
238 2 68.3012943071937 -37.3724840493963 100 0 1440 5
239 2 -45.1440063100456 63.7578361854921 100 0 1440 5
240 2 -26.9917357874185 -32.8076020155379 100 0 1440 5
241 2 31.0364221847543 -83.9734438827108 100 0 1440 5
242 2 -82.144151632118 52.6667141131583 100 0 1440 5
243 2 -12.6065103697847 97.213914151682 100 0 1440 5
244 2 -69.8520465883512 68.9179083455429 100 0 1440 5
245 2 93.4755337677721 -55.3366425499277 100 0 1440 5
246 2 14.1987398574862 48.9935911105277 100 0 1440 5
247 2 0.742430286458529 -61.8774151756966 100 0 1440 5
248 2 -87.5081029925802 83.149950950957 100 0 1440 5
249 2 -68.3573880444193 42.8825859029317 100 0 1440 5
250 2 54.9210065274146 13.6880076376514 100 0 1440 5
251 2 -1.45862761946276 -75.4359349397376 100 0 1440 5
252 2 5.45342670713538 38.8202580494521 100 0 1440 5
253 2 -49.9182067357687 48.6505867322947 100 0 1440 5
254 2 -39.5141808766901 35.2998181670415 100 0 1440 5
255 2 -30.477322730588 -99.1761360512001 100 0 1440 5
256 2 9.66960177957006 -12.4887639384781 100 0 1440 5
257 2 49.1805406964225 46.4022478970847 100 0 1440 5
258 2 57.805810305414 95.3420543231886 100 0 1440 5
259 2 8.59408371622337 -40.773524399431 100 0 1440 5
260 2 -89.107356037055 27.7472484716327 100 0 1440 5
261 2 -26.6563266698007 40.8099078441367 100 0 1440 5
262 2 -48.4680714676891 99.9301730152666 100 0 1440 5
263 2 -10.8656919338507 96.2316528082951 100 0 1440 5
264 2 -64.7355938747175 39.0639214865644 100 0 1440 5
265 2 -95.047653836 -11.0170650144923 100 0 1440 5
266 2 12.2347251111741 -70.838636531235 100 0 1440 5
267 2 53.6230331551728 -54.2123536553575 100 0 1440 5
268 2 65.7368141303273 -94.1091271495111 100 0 1440 5
269 2 12.3416227961762 -14.5599801166938 100 0 1440 5
270 2 -75.8644548823575 25.7732197966703 100 0 1440 5
271 2 4.76470977988512 92.1936071629133 100 0 1440 5
272 2 -25.4972161378411 -66.6464232925875 100 0 1440 5
273 2 65.69434601711 -88.4209663423334 100 0 1440 5
274 2 29.7716553884506 69.8163982508248 100 0 1440 5
275 2 -74.4453429435517 10.2311612662035 100 0 1440 5
276 2 86.6536778616201 -64.5796100983944 100 0 1440 5
277 2 -28.3369261079464 85.0021186334928 100 0 1440 5
278 2 84.9559052899373 67.5211907940849 100 0 1440 5
279 2 34.2750104968438 32.0829795106405 100 0 1440 5
280 2 -68.1190714723122 -89.6089223933529 100 0 1440 5
281 2 -54.3040885871825 -26.0635102584033 100 0 1440 5
282 2 94.6180784655589 -79.7667408660942 100 0 1440 5
283 2 89.1971291305303 98.5639771083285 100 0 1440 5
284 2 63.8910173369091 -90.4565113262947 100 0 1440 5
285 2 40.4561302964304 78.1242376898561 100 0 1440 5
286 2 -61.4083437344696 33.2390858579771 100 0 1440 5
287 2 -2.19386450036225 16.4485900956251 100 0 1440 5
288 2 31.3045620340297 51.8253435896838 100 0 1440 5
289 2 79.3895320088971 19.9372374200166 100 0 1440 5
290 2 -83.8637239382784 -25.5029881874663 100 0 1440 5
291 2 56.6523248558205 -85.8146114676245 100 0 1440 5
292 2 -30.8381737530617 40.7984104358547 100 0 1440 5
293 2 -93.5924284078204 -61.8939221342359 100 0 1440 5
294 2 -61.0372698490686 -0.26495863603202 100 0 1440 5
295 2 50.4732423868965 -34.9519013022714 100 0 1440 5
296 2 -53.2414715209477 -0.387343262394779 100 0 1440 5
297 2 55.8183223725244 31.3347415276908 100 0 1440 5
298 2 84.7539134496664 23.0719096843671 100 0 1440 5
299 2 73.0192898013961 29.7799190481598 100 0 1440 5
300 2 55.3873899322703 -44.3917224040774 100 0 1440 5
301 2 71.0514241282645 -39.7944251192186 100 0 1440 5
302 2 -13.3483093164521 -68.7367812983979 100 0 1440 5
303 2 -2.94521490085415 60.0458272033265 100 0 1440 5
304 2 -51.3375768863845 78.2138129912425 100 0 1440 5
305 2 -43.6127802047828 -16.8380968699566 100 0 1440 5
306 2 78.9062162744735 14.8697608545916 100 0 1440 5
307 2 17.2954618560134 99.5153877253799 100 0 1440 5
308 2 -41.545474321304 2.12887965028585 100 0 1440 5
309 2 32.8143482878055 -24.0115446700926 100 0 1440 5
310 2 44.8608026286571 -78.9095377056327 100 0 1440 5
311 2 17.5824568509363 -78.8436170426408 100 0 1440 5
312 2 1.06850646510637 52.350355366508 100 0 1440 5
313 2 -12.6958764859729 64.0925783830212 100 0 1440 5
314 2 -79.3280049713267 -79.3023103284355 100 0 1440 5
315 2 72.381897363362 -52.6725983137069 100 0 1440 5
316 2 61.1432331688953 -71.5788338352127 100 0 1440 5
317 2 -45.7959078376042 83.0220309340646 100 0 1440 5
318 2 -3.35892616737041 25.457977150964 100 0 1440 5
319 2 -17.2617380307777 -86.4846671033675 100 0 1440 5
320 2 94.8581536172249 2.3511392009766 100 0 1440 5
321 2 48.1172253389808 75.0379606742072 100 0 1440 5
322 2 -72.2402328164058 -7.3834572062907 100 0 1440 5
323 2 -31.9012488364315 -42.9284756203586 100 0 1440 5
324 2 -70.6189949096533 37.9796967869424 100 0 1440 5
325 2 79.5472616326684 -71.8055189281628 100 0 1440 5
326 2 -83.9504800675989 -90.5307240521751 100 0 1440 5
327 2 87.9649666379912 39.0581784643686 100 0 1440 5
328 2 -47.9069113539815 49.1204794317184 100 0 1440 5
329 2 27.7547816867717 69.2590760451836 100 0 1440 5
330 2 59.5002269769601 63.7411897876603 100 0 1440 5
331 2 51.1172605409506 40.3243696358274 100 0 1440 5
332 2 80.980047899488 -20.3517017106037 100 0 1440 5
333 2 19.6826568551124 32.9408735924588 100 0 1440 5
334 2 -24.1090982788045 -25.5643543571153 100 0 1440 5
335 2 -14.8038214508581 -87.8111186939933 100 0 1440 5
336 2 86.6776542121677 -89.2408700956196 100 0 1440 5
337 2 69.4735770207011 -52.7233581048549 100 0 1440 5
338 2 4.50131285673834 -16.9860317423428 100 0 1440 5
339 2 85.7144830780207 -92.3851284966602 100 0 1440 5
340 2 -2.98633725787383 -21.0458213553693 100 0 1440 5
341 2 70.0164251551392 98.6571739100512 100 0 1440 5
342 2 64.7001851704978 86.2103836205989 100 0 1440 5
343 2 41.1123054596139 -29.4808102537459 100 0 1440 5
344 2 56.4883663095209 -77.1306552864814 100 0 1440 5
345 2 96.1223286968696 -30.1404610342374 100 0 1440 5
346 2 7.62212258123682 -70.5174764938107 100 0 1440 5
347 2 -60.7429615842598 18.8669798664293 100 0 1440 5
348 2 -64.0119634699026 -32.1082518690787 100 0 1440 5
349 2 -21.6547196736009 80.5834923791124 100 0 1440 5
350 2 35.6219741082761 74.0430533682144 100 0 1440 5
351 2 0.828642654766298 -78.5399839526136 100 0 1440 5
352 2 -7.87299583012029 4.57527157417985 100 0 1440 5
353 2 -62.8737167833812 2.37314660729595 100 0 1440 5
354 2 83.9219259754522 0.613292725890346 100 0 1440 5
355 2 -43.679896079977 38.8350318440345 100 0 1440 5
356 2 -39.0343068258225 -79.8126025304555 100 0 1440 5
357 2 28.8540383363475 68.4378199512551 100 0 1440 5
358 2 -40.1568344465453 19.485009683288 100 0 1440 5
359 2 -14.0781606819935 75.4461144487991 100 0 1440 5
360 2 -62.5465146759659 -97.7100727752656 100 0 1440 5
361 2 48.5992538852223 -46.2312086740425 100 0 1440 5
362 2 -82.7594746563328 -80.828116277317 100 0 1440 5
363 2 75.3479142544897 73.3130489699576 100 0 1440 5
364 2 39.7968549732418 -50.9235170067655 100 0 1440 5
365 2 -41.3062805619383 62.0815021131946 100 0 1440 5
366 2 7.23507770663687 4.87744341245673 100 0 1440 5
367 2 5.70099380666917 66.5753099878074 100 0 1440 5
368 2 -12.9452241809524 93.2600048609572 100 0 1440 5
369 2 67.9893498768273 -76.5044413874747 100 0 1440 5
370 2 -8.93378646170149 -46.7984018298267 100 0 1440 5
371 2 -8.23798514052854 11.8992101542901 100 0 1440 5
372 2 -71.3850358403242 -25.3762311541095 100 0 1440 5
373 2 73.5464666883068 -19.5022988940124 100 0 1440 5
374 2 26.8613005970771 40.9531957214568 100 0 1440 5
375 2 10.6296278341453 -88.5564718983019 100 0 1440 5
376 2 55.8060855917923 -19.0802363986393 100 0 1440 5
377 2 94.664646705646 19.6157180522064 100 0 1440 5
378 2 -50.6524203150057 -6.36865060470484 100 0 1440 5
379 2 -78.5764806627363 -46.9032495739114 100 0 1440 5
380 2 -1.24738539896541 17.6185762135333 100 0 1440 5
381 2 -21.4164691281475 92.3640964255199 100 0 1440 5
382 2 -49.992480614096 -56.9164081036064 100 0 1440 5
383 2 -33.195210441739 6.95687501102924 100 0 1440 5
384 2 -34.319401001266 64.0852499837763 100 0 1440 5
385 2 37.8450481033973 61.4050117157504 100 0 1440 5
386 2 34.9054125639817 -15.9557753047949 100 0 1440 5
387 2 -31.6443792563696 -62.4674645426992 100 0 1440 5
388 2 17.2341436579536 27.0758895865129 100 0 1440 5
389 2 -8.77742816796072 -93.4989263957547 100 0 1440 5
390 2 -11.610439674407 -24.2984553237392 100 0 1440 5
391 2 80.3995355759064 -82.0979811158182 100 0 1440 5
392 2 -15.0360094980321 12.0201014931865 100 0 1440 5
393 2 23.2865893029974 29.7190558318121 100 0 1440 5
394 2 -96.8990483523349 -52.8620578145734 100 0 1440 5
395 2 -49.3673932144425 65.0745618679409 100 0 1440 5
396 2 -58.9988658016914 -1.62532994703497 100 0 1440 5
397 2 -47.9094737924051 10.4766512741733 100 0 1440 5
398 2 50.1959093756888 -65.5678228832898 100 0 1440 5
399 2 -49.0249581760857 55.05612178316 100 0 1440 5
400 2 5.02997551150273 27.4041821208073 100 0 1440 5
401 2 -99.8755682714979 -21.5928942594346 100 0 1440 5
402 2 -41.5832642055271 -97.5915478207554 100 0 1440 5
403 2 -11.6583710747427 -78.3703666874842 100 0 1440 5
404 2 35.0270767676257 -10.9353743764814 100 0 1440 5
405 2 0.598291575700927 -4.35060348889209 100 0 1440 5
406 2 46.6209534747783 -14.5377850149288 100 0 1440 5
407 2 82.5685933861898 -5.38242760935788 100 0 1440 5
408 2 -10.166853616203 -70.7637000455804 100 0 1440 5
409 2 -60.7192009087022 -29.9455658714336 100 0 1440 5
410 2 11.6062995989559 19.5879330983502 100 0 1440 5
411 2 7.52347539042191 91.4024623477005 100 0 1440 5
412 2 74.4774419157416 89.3726885872525 100 0 1440 5
413 2 -68.4665229986912 56.9305784601355 100 0 1440 5
414 2 11.545194468713 31.6793986866202 100 0 1440 5
415 2 31.4637032070884 39.7387695182815 100 0 1440 5
416 2 -16.7246564234567 37.7022567999518 100 0 1440 5
417 2 64.8441048925427 49.3345725448663 100 0 1440 5
418 2 -94.9310326018654 2.36843191473497 100 0 1440 5
419 2 -36.0014019092723 -19.6025519187359 100 0 1440 5
420 2 41.0714126797139 54.4404498989024 100 0 1440 5
421 2 -0.922530007293432 -94.4531897576368 100 0 1440 5
422 2 7.01868569508193 25.1131647221001 100 0 1440 5
423 2 -80.4513902889546 74.9422063962569 100 0 1440 5
424 2 9.60181195970407 -6.96052016568842 100 0 1440 5
425 2 9.82552133185877 -82.7473338016247 100 0 1440 5
426 2 4.10599493409691 -53.0576008761642 100 0 1440 5
427 2 40.9846434405885 26.9443796022458 100 0 1440 5
428 2 -26.1984727770191 -44.6761994026815 100 0 1440 5
429 2 84.6530698633352 83.0844291429074 100 0 1440 5
430 2 37.2039412239339 95.2078466764902 100 0 1440 5
431 2 92.1694033284545 14.201105744074 100 0 1440 5
432 2 51.9833922827964 90.4294852894679 100 0 1440 5
433 2 37.6992396222725 19.5611920364755 100 0 1440 5
434 2 -98.285691327154 -30.1086317510709 100 0 1440 5
435 2 -75.5882629118396 25.0293151923799 100 0 1440 5
436 2 84.1674816307723 55.7860302551717 100 0 1440 5
437 2 -4.9910625001452 15.0968650801317 100 0 1440 5
438 2 43.4345677547505 12.4596457390254 100 0 1440 5
439 2 -50.6159680722028 -6.53414437738462 100 0 1440 5
440 2 -55.5590022015728 -37.0505758322167 100 0 1440 5
441 2 -78.8673282885931 12.6292901048842 100 0 1440 5
442 2 -65.4259072206024 -50.0459701232245 100 0 1440 5
443 2 -90.1582274494054 -63.7881126812275 100 0 1440 5
444 2 96.0803428617687 -28.0843675400888 100 0 1440 5
445 2 -93.0528884635386 -7.44375264386434 100 0 1440 5
446 2 -96.9541308303313 -43.0513792455343 100 0 1440 5
447 2 29.5234351540209 -91.5825039325583 100 0 1440 5
448 2 62.2686260420785 94.6139599885953 100 0 1440 5
449 2 -80.6871565910775 20.0469581887674 100 0 1440 5
450 2 -42.113526250872 -21.7950497754856 100 0 1440 5
451 2 44.8979537555424 15.9102834078269 100 0 1440 5
452 2 20.5934218560124 21.6000673259714 100 0 1440 5
453 2 25.099840935453 -80.5695003115076 100 0 1440 5
454 2 4.63367374295345 11.2969478056158 100 0 1440 5
455 2 73.9660576731687 -51.7704934966574 100 0 1440 5
456 2 -53.8888442318573 95.5387285660493 100 0 1440 5
457 2 -54.7247710797912 -56.7546402648972 100 0 1440 5
458 2 76.7175526953714 -38.8248157621916 100 0 1440 5
459 2 -38.8891585110919 -70.164847599581 100 0 1440 5
460 2 25.6160567990669 -79.1132689617712 100 0 1440 5
461 2 -30.8380160259539 -85.3328264767626 100 0 1440 5
462 2 22.3976340067203 47.5846993270949 100 0 1440 5
463 2 52.0319913232576 26.1191439401372 100 0 1440 5
464 2 44.8531790422074 -78.7433701818202 100 0 1440 5
465 2 -35.3587232136739 -60.5855049437068 100 0 1440 5
466 2 81.505035293268 71.4460332202378 100 0 1440 5
467 2 99.0871537488538 -13.6463129116763 100 0 1440 5
468 2 -89.2334434575723 34.2623824267093 100 0 1440 5
469 2 56.9852236374423 -93.1347303708932 100 0 1440 5
470 2 -37.7747507270918 -72.2456072496442 100 0 1440 5
471 2 -25.0970038285921 57.4695819497251 100 0 1440 5
472 2 12.4751184895906 68.2182016072431 100 0 1440 5
473 2 -82.8291227698038 29.9994858150299 100 0 1440 5
474 2 -14.616290620139 -9.75280300605448 100 0 1440 5
475 2 80.9075700060525 60.5651322318906 100 0 1440 5
476 2 -52.479445819818 35.8822765725449 100 0 1440 5
477 2 99.9403494181443 9.91629797302522 100 0 1440 5
478 2 2.17286081150192 -12.9644413200452 100 0 1440 5
479 2 -22.5253495227783 86.3041004243868 100 0 1440 5
480 2 44.0328797001264 27.5073256112989 100 0 1440 5
481 2 -97.4639790909556 53.0567227904058 100 0 1440 5
482 2 -89.013979789555 -63.409429408469 100 0 1440 5
483 2 33.6597893701928 35.8689684589692 100 0 1440 5
484 2 94.8110207819191 88.780255445181 100 0 1440 5
485 2 -23.0461444784773 -82.1041741231554 100 0 1440 5
486 2 99.9998696850049 19.9205786010708 100 0 1440 5
487 2 -2.95312043758784 -89.1064238836648 100 0 1440 5
488 2 -14.0827112108006 -71.1964847729575 100 0 1440 5
489 2 21.7218990730906 22.7511269252787 100 0 1440 5
490 2 24.373993371163 -72.5290645208048 100 0 1440 5
491 2 -81.9869073372679 38.8070219450853 100 0 1440 5
492 2 50.2361892818904 99.0910455708331 100 0 1440 5
493 2 -96.3748945223678 7.48676445533221 100 0 1440 5
494 2 -9.58757276083801 38.2230421182754 100 0 1440 5
495 2 27.7591135866821 -90.7214760414846 100 0 1440 5
496 2 5.54956511503022 -43.3779644961135 100 0 1440 5
497 2 -84.5383048695091 9.27577365488474 100 0 1440 5
498 2 63.7587553478546 -36.335204688865 100 0 1440 5
499 2 -34.2593416040991 -7.03925012513338 100 0 1440 5
500 2 47.0316385244196 52.3160127321944 100 0 1440 5
501 2 -37.169686840722 86.2156433354087 100 0 1440 5
502 2 44.6728482499317 -79.250126274448 100 0 1440 5
503 2 -20.3236757701468 15.4869391666566 100 0 1440 5
504 2 55.6690791522108 -29.1368948907063 100 0 1440 5
505 2 91.1113176185289 -97.5248694832985 100 0 1440 5
506 2 60.6639017511533 85.6586062151877 100 0 1440 5
507 2 -19.9041173420433 67.6849516847184 100 0 1440 5
508 2 -43.037212534437 88.6636236993922 100 0 1440 5
509 2 -86.7804097936677 -25.216876343363 100 0 1440 5
510 2 -84.7690032732906 -75.8815208924347 100 0 1440 5
511 2 21.4321902802446 47.2291901225717 100 0 1440 5
512 2 18.3696455214893 13.7014303253579 100 0 1440 5
513 2 -20.6296754189431 72.4531580415615 100 0 1440 5
514 2 -98.8110368021658 94.2376516097255 100 0 1440 5
515 2 -97.0510470953123 47.4591560867495 100 0 1440 5
516 2 -90.7059504689805 24.4958649921955 100 0 1440 5
517 2 -57.9866901436993 -38.2300006470402 100 0 1440 5
518 2 -61.9661056282006 74.2501609721813 100 0 1440 5
519 2 -64.6643578706978 35.851212038709 100 0 1440 5
520 2 64.0406011758053 34.8473210766372 100 0 1440 5
521 2 -87.7447106478122 -9.55247607398491 100 0 1440 5
522 2 25.0292188484117 -19.7331884481997 100 0 1440 5
523 2 -97.410074342833 97.6379338739477 100 0 1440 5
524 2 85.9908971302907 76.9118686734714 100 0 1440 5
525 2 78.5040371811384 18.9999367156886 100 0 1440 5
526 2 -84.8301983038617 -91.9289455857637 100 0 1440 5
527 2 63.847035172477 59.3272514039526 100 0 1440 5
528 2 10.3689187425751 17.2106389892349 100 0 1440 5
529 2 63.7318577462359 -76.7488195140558 100 0 1440 5
530 2 9.90810760098739 -41.8055233834622 100 0 1440 5
531 2 86.104558105756 52.381386506606 100 0 1440 5
532 2 3.31108632709132 -1.50000482610722 100 0 1440 5
533 2 34.670275730317 -84.1597977622584 100 0 1440 5
534 2 -49.4969782087331 84.9518318105567 100 0 1440 5
535 2 76.3302021163547 -70.9265887893267 100 0 1440 5
536 2 -83.4413949777733 -65.0011725188676 100 0 1440 5
537 2 44.411746653909 64.4625553914253 100 0 1440 5
538 2 39.0784869413473 47.8108563077825 100 0 1440 5
539 2 -9.77085637964095 0.547060479998152 100 0 1440 5
540 2 39.941291666009 79.2896231478949 100 0 1440 5
541 2 89.3082805801406 20.7216287391319 100 0 1440 5
542 2 60.9556767575533 37.4174272462284 100 0 1440 5
543 2 34.986634192034 -68.6367530369708 100 0 1440 5
544 2 -2.07636535701496 26.2802738837706 100 0 1440 5
545 2 91.7209340447492 -84.1543943171573 100 0 1440 5
546 2 99.5489894493097 -1.20806800000821 100 0 1440 5
547 2 54.5906011669267 -4.67546252669564 100 0 1440 5
548 2 21.8354011554148 -77.0661036391175 100 0 1440 5
549 2 82.0881877893122 28.1590697737059 100 0 1440 5
550 2 -63.9072932113343 80.6580304721166 100 0 1440 5
551 2 88.8780412747558 74.1266634665166 100 0 1440 5
552 2 -3.98933112809274 -87.9557464051175 100 0 1440 5
553 2 46.9452903758246 -17.9190149317478 100 0 1440 5
554 2 8.6917269613231 2.5603044113808 100 0 1440 5
555 2 -68.7619313697901 -36.6060497202128 100 0 1440 5
556 2 -76.089278593377 -45.8453223923129 100 0 1440 5
557 2 33.9407102607503 99.5535923171317 100 0 1440 5
558 2 68.6663419122944 50.372600393635 100 0 1440 5
559 2 -25.0564590902179 -60.0866376012291 100 0 1440 5
560 2 -10.5921904178324 -56.2112937374252 100 0 1440 5
561 2 -39.4400985933295 92.1895745019938 100 0 1440 5
562 2 16.8875923893133 85.9941856083168 100 0 1440 5
563 2 -65.6277499572361 -60.6103254817825 100 0 1440 5
564 2 -1.24165707069821 64.4809596622736 100 0 1440 5
565 2 -39.8193499903449 -43.9423422638626 100 0 1440 5
566 2 -71.2237036128748 -11.5238519092344 100 0 1440 5
567 2 -45.0822737554752 95.802090661617 100 0 1440 5
568 2 80.3956383765929 11.66709400066 100 0 1440 5
569 2 17.2483324204812 -89.0903739554446 100 0 1440 5
570 2 -16.1345908042186 -68.4842144590363 100 0 1440 5
571 2 -15.821233279798 1.45044612554983 100 0 1440 5
572 2 92.5239155831328 53.3119832586976 100 0 1440 5
573 2 92.7734768378251 -88.215458961001 100 0 1440 5
574 2 -95.6980642439383 46.202039369328 100 0 1440 5
575 2 67.0558628669248 61.0369395143707 100 0 1440 5
576 2 42.5967908674473 95.2255916352385 100 0 1440 5
577 2 -77.981916148449 53.3087700036859 100 0 1440 5
578 2 -23.6088214748484 -81.9096568898232 100 0 1440 5
579 2 48.6717623026998 -66.3628453691516 100 0 1440 5
580 2 -41.8849158142784 -28.6636878966874 100 0 1440 5
581 2 -21.8487765857766 85.6432384072789 100 0 1440 5
582 2 -19.7373334443022 24.130566843499 100 0 1440 5
583 2 21.5724645500806 83.1719444883888 100 0 1440 5
584 2 64.7803161124678 88.7618589825308 100 0 1440 5
585 2 -61.1815116810341 65.9121353567585 100 0 1440 5
586 2 -15.0363260086316 27.667051765647 100 0 1440 5
587 2 -62.5459882972514 90.9995622104631 100 0 1440 5
588 2 25.8918342767579 -76.6618850817736 100 0 1440 5
589 2 -33.016053238206 80.0801130088146 100 0 1440 5
590 2 -20.2372013179591 18.6750415495823 100 0 1440 5
591 2 -81.3005020968724 23.5052360828703 100 0 1440 5
592 2 -24.0229287928507 83.3366451579593 100 0 1440 5
593 2 23.0672990665447 -12.3721665456159 100 0 1440 5
594 2 -92.8273658782551 -88.4068703647046 100 0 1440 5
595 2 -48.7002160408402 -6.92680147554512 100 0 1440 5
596 2 -58.0040019615744 -62.5780954839911 100 0 1440 5
597 2 62.3130061505286 65.0085290919563 100 0 1440 5
598 2 39.1771304124838 94.5566540910278 100 0 1440 5
599 2 18.2704659283665 -97.4160087580927 100 0 1440 5
600 2 -12.9375989667203 -62.5305250835197 100 0 1440 5
601 2 -60.5077801909694 53.7510550052744 100 0 1440 5
602 2 -4.62419754294032 61.5322841859182 100 0 1440 5
603 2 -58.5332910026814 21.5876813342717 100 0 1440 5
604 2 34.4761703720629 -42.3130160943515 100 0 1440 5
605 2 -57.5475926032176 55.2077243610555 100 0 1440 5
606 2 40.2335060840279 -47.2006446852987 100 0 1440 5
607 2 39.7366204846428 -93.4385643872147 100 0 1440 5
608 2 33.9623531637251 18.5496670241662 100 0 1440 5
609 2 -93.3063740154672 -43.6719696576446 100 0 1440 5
610 2 16.3510653079051 79.4188214150807 100 0 1440 5
611 2 -17.3571017043123 48.1677129016745 100 0 1440 5
612 2 -82.6357148689276 67.3828494297595 100 0 1440 5
613 2 25.064463568841 19.4721706332032 100 0 1440 5
614 2 -28.351403572244 13.776006518404 100 0 1440 5
615 2 -78.4784463430249 -94.8128534144658 100 0 1440 5
616 2 57.6396779234649 46.9939346610374 100 0 1440 5
617 2 -40.1652725867827 -75.8388970298697 100 0 1440 5
618 2 20.5799371672846 90.9786495742622 100 0 1440 5
619 2 -86.5644305414385 67.8080021689127 100 0 1440 5
620 2 92.8601015100817 99.5768009330391 100 0 1440 5
621 2 88.8160220987366 -90.2073272237814 100 0 1440 5
622 2 42.9731515595542 -15.1629508103582 100 0 1440 5
623 2 18.6204180324346 -17.7880928862706 100 0 1440 5
624 2 6.01586360687705 25.1818178551446 100 0 1440 5
625 2 72.8654223622492 -64.2638336067066 100 0 1440 5
626 2 68.8186437794606 -2.65157257674957 100 0 1440 5
627 2 48.30742469507 -36.0966372798501 100 0 1440 5
628 2 61.7798505903529 42.3650089619741 100 0 1440 5
629 2 19.0215083003146 -51.1495440721134 100 0 1440 5
630 2 23.3029766270853 32.0529442756452 100 0 1440 5
631 2 -32.6499741177265 -71.0116396834579 100 0 1440 5
632 2 -7.01454314872691 83.2001979479003 100 0 1440 5
633 2 -68.3139069830169 28.3537142265928 100 0 1440 5
634 2 -86.3869471349481 -90.6758929842141 100 0 1440 5
635 2 14.8670332044325 -19.3847634758598 100 0 1440 5
636 2 -97.5747079585567 95.6582889957986 100 0 1440 5
637 2 93.6790352935496 -35.8945090035533 100 0 1440 5
638 2 -72.4881198869888 -74.3983690153613 100 0 1440 5
639 2 96.1560772503042 -97.9512851379596 100 0 1440 5
640 2 99.6789181666834 -76.5718559093386 100 0 1440 5
641 2 99.6575923584054 -83.2552464140562 100 0 1440 5
642 2 83.4137025023814 -41.2298789835432 100 0 1440 5
643 2 -79.5805325325382 -71.6441065418465 100 0 1440 5
644 2 -71.9705690208848 86.5738327087001 100 0 1440 5
645 2 76.3058303351123 6.76030844233111 100 0 1440 5
646 2 22.6628447944655 -21.6677448816398 100 0 1440 5
647 2 -88.6162330524719 95.4407511317399 100 0 1440 5
648 2 -46.8697373781076 -4.00665822743917 100 0 1440 5
649 2 -33.136327553175 -15.5471682392076 100 0 1440 5
650 2 66.9471771650741 -68.2795354511569 100 0 1440 5
651 2 -98.3165565556824 -1.82844338684873 100 0 1440 5
652 2 82.9351449794963 0.464146263277598 100 0 1440 5
653 2 31.9792275551855 -56.119449658847 100 0 1440 5
654 2 -22.7463286412238 47.0364169358305 100 0 1440 5
655 2 36.9180204530146 -71.3966218335955 100 0 1440 5
656 2 67.5057356867235 -12.8686466204101 100 0 1440 5
657 2 -75.4678958881847 -38.7365738322714 100 0 1440 5
658 2 -54.4999185840958 17.7029215749116 100 0 1440 5
659 2 -38.418785321489 -89.1942966197874 100 0 1440 5
660 2 -12.3370287505104 34.6144456352476 100 0 1440 5
661 2 32.9894771005307 -38.0464892720553 100 0 1440 5
662 2 25.9533446754382 -84.0418114516268 100 0 1440 5
663 2 36.5996087210299 -99.4370086069026 100 0 1440 5
664 2 -16.9502257694255 52.47896078493 100 0 1440 5
665 2 56.0207380484051 49.9619475853493 100 0 1440 5
666 2 70.7718612568932 19.8176858056598 100 0 1440 5
667 2 47.0074703071582 -23.7762076817901 100 0 1440 5
668 2 -6.97569604656607 31.639758969402 100 0 1440 5
669 2 -29.4893793161954 -29.8340857773539 100 0 1440 5
670 2 72.4853727243364 32.0741508458838 100 0 1440 5
671 2 -1.67660810558417 -88.7681188665184 100 0 1440 5
672 2 87.9045026772026 77.3328399705349 100 0 1440 5
673 2 85.7747573195205 -84.2983933296281 100 0 1440 5
674 2 35.9527231356573 20.1016261430112 100 0 1440 5
675 2 -28.516513022516 89.3806658027344 100 0 1440 5
676 2 53.4362516960137 -0.387014033185551 100 0 1440 5
677 2 -61.3043164608747 -58.317817063157 100 0 1440 5
678 2 -96.6856518197822 11.6746999543494 100 0 1440 5
679 2 8.72494192421911 -99.4100581066292 100 0 1440 5
680 2 57.9590143157596 95.9048176799627 100 0 1440 5
681 2 -22.3386287353243 1.2623937549975 100 0 1440 5
682 2 37.6829006080051 -55.2905533470408 100 0 1440 5
683 2 36.6027846695765 -61.9881215437275 100 0 1440 5
684 2 79.5944051614192 75.9551643032978 100 0 1440 5
685 2 -92.3975672161113 81.2044416617553 100 0 1440 5
686 2 -65.2080173465855 -12.2221267753815 100 0 1440 5
687 2 97.3617940955698 -93.4690675664697 100 0 1440 5
688 2 99.8846877680769 51.6049601024577 100 0 1440 5
689 2 24.088200814915 81.4824219255243 100 0 1440 5
690 2 -23.4504813432146 -76.5570089300383 100 0 1440 5
691 2 56.1745364253902 -51.7697986403689 100 0 1440 5
692 2 80.6597649087571 -57.880806920889 100 0 1440 5
693 2 51.3559521868352 -42.9044886625249 100 0 1440 5
694 2 -33.5811364131835 -82.0930552475801 100 0 1440 5
695 2 79.2955774598106 92.1545366217273 100 0 1440 5
696 2 32.5127886122011 -69.6162564117174 100 0 1440 5
697 2 -82.6883947859962 20.1428833822106 100 0 1440 5
698 2 93.7773056669847 -11.8400581674138 100 0 1440 5
699 2 -63.0290180159996 -56.2914479553868 100 0 1440 5
700 2 56.11607932371 -53.9017367000838 100 0 1440 5
701 2 -52.0457166576342 -13.6538591965447 100 0 1440 5
702 2 62.8781838090937 21.763040429633 100 0 1440 5
703 2 -25.0187258271247 -56.7145249339674 100 0 1440 5
704 2 91.7106061621787 -50.8354426046992 100 0 1440 5
705 2 -55.6587998541296 -57.4121309196116 100 0 1440 5
706 2 -8.23059694292496 -95.4068363495963 100 0 1440 5
707 2 19.9850953231071 -55.7693997320555 100 0 1440 5
708 2 47.453842726447 39.7902453889856 100 0 1440 5
709 2 -82.8766167488915 -89.3322731697523 100 0 1440 5
710 2 -62.5023062558306 -31.6759774731935 100 0 1440 5
711 2 -63.6301422600816 87.0009175293703 100 0 1440 5
712 2 -6.08762459590864 -68.6022115331923 100 0 1440 5
713 2 96.8468172682968 87.3603016528264 100 0 1440 5
714 2 -63.8454774333887 -17.8880583978668 100 0 1440 5
715 2 36.1047561067885 -20.6097004335518 100 0 1440 5
716 2 9.83720363578371 88.2492837306586 100 0 1440 5
717 2 12.627648306735 -48.0082275675088 100 0 1440 5
718 2 59.7961262769424 81.9008938069288 100 0 1440 5
719 2 58.1305601661931 31.9474461253193 100 0 1440 5
720 2 43.4612340883412 51.7677382406134 100 0 1440 5
721 2 -62.5258448471392 50.1352316133435 100 0 1440 5
722 2 -13.0032987999208 -44.0436362349629 100 0 1440 5
723 2 -19.8903249604946 43.2215945934715 100 0 1440 5
724 2 13.9100331895925 -42.1441517549511 100 0 1440 5
725 2 35.442254689027 -14.3426665368494 100 0 1440 5
726 2 -40.2296557247404 86.6829711704469 100 0 1440 5
727 2 -97.1009819858189 -18.7711807048359 100 0 1440 5
728 2 -81.0815350218142 -17.9163785106255 100 0 1440 5
729 2 -86.0246283688731 -16.7682531583282 100 0 1440 5
730 2 -43.176096173007 86.4760983755644 100 0 1440 5
731 2 56.8973231263548 -34.4604457634389 100 0 1440 5
732 2 -62.1025962785374 40.4364929940016 100 0 1440 5
733 2 -15.8064348368079 -80.4322965109961 100 0 1440 5
734 2 51.5794607681393 -40.696921168464 100 0 1440 5
735 2 19.4575473669708 -81.354213433805 100 0 1440 5
736 2 23.4962732545235 -79.6141028078239 100 0 1440 5
737 2 62.5608675470879 -36.0152546504295 100 0 1440 5
738 2 43.1317234382426 69.9048155212466 100 0 1440 5
739 2 -96.1558851604259 25.7741805163889 100 0 1440 5
740 2 60.1587274936101 -79.6354281817003 100 0 1440 5
741 2 9.27385228543116 -82.4024130526183 100 0 1440 5
742 2 -50.717818219757 -91.0459889743805 100 0 1440 5
743 2 -17.2462023021133 19.0692040912595 100 0 1440 5
744 2 -65.2296509230716 35.2991814373638 100 0 1440 5
745 2 91.8785119158564 -4.74217867181181 100 0 1440 5
746 2 33.0184290586921 5.2015033638412 100 0 1440 5
747 2 -56.7919048087056 -14.921856733072 100 0 1440 5
748 2 12.3488055860385 -58.326838993878 100 0 1440 5
749 2 -12.9634119852462 -44.4679894158455 100 0 1440 5
750 2 97.2836218225986 -45.4124857518622 100 0 1440 5
751 2 -65.335965353632 83.7277009695626 100 0 1440 5
752 2 -61.1715346990643 -92.3370076433741 100 0 1440 5
753 2 89.0265584886059 -48.6214855233229 100 0 1440 5
754 2 27.6076113160265 -88.5100711062734 100 0 1440 5
755 2 -31.5206192874548 62.4896905968782 100 0 1440 5
756 2 3.34303694194844 82.2114389927492 100 0 1440 5
757 2 80.4785497310455 47.8182231729718 100 0 1440 5
758 2 -11.852157960427 18.7270390245686 100 0 1440 5
759 2 54.4073017000976 -48.8088536512819 100 0 1440 5
760 2 84.0113603515768 1.47157709032513 100 0 1440 5
761 2 -60.9934962762374 32.7771726120559 100 0 1440 5
762 2 83.9146756658501 -59.3725067844531 100 0 1440 5
763 2 -81.4153956614923 30.9319851323423 100 0 1440 5
764 2 74.0830375693982 -8.12422690847825 100 0 1440 5
765 2 -97.1850073406166 -66.5881664842502 100 0 1440 5
766 2 90.4323610120947 -92.5744887883042 100 0 1440 5
767 2 37.5167107833811 84.8311673080488 100 0 1440 5
768 2 39.4021562531641 46.1540707840811 100 0 1440 5
769 2 -0.97786383555345 -57.389322439677 100 0 1440 5
770 2 21.8134332730337 79.4347313651059 100 0 1440 5
771 2 43.8516142000189 58.8301160407511 100 0 1440 5
772 2 -6.50108010078654 -98.0532367439537 100 0 1440 5
773 2 -49.6458612993969 58.9984367244099 100 0 1440 5
774 2 59.2008882171264 -4.10062716987056 100 0 1440 5
775 2 -87.7258882482245 -12.4600324768622 100 0 1440 5
776 2 93.2205618153269 62.226237616602 100 0 1440 5
777 2 19.031027222163 48.6522843288199 100 0 1440 5
778 2 93.7590395493125 -13.8832933424879 100 0 1440 5
779 2 -82.3593236786742 -26.8729631639602 100 0 1440 5
780 2 55.664482299148 -37.4365071263469 100 0 1440 5
781 2 21.0772316681151 -52.1280212161329 100 0 1440 5
782 2 51.8705301433876 89.3701424280749 100 0 1440 5
783 2 -27.4856092070316 -55.511303288371 100 0 1440 5
784 2 76.2781109752957 12.3450438587668 100 0 1440 5
785 2 -50.0452866332559 43.7288235598444 100 0 1440 5
786 2 64.9235303471336 55.4075495665728 100 0 1440 5
787 2 -2.45156877591128 69.4796789650738 100 0 1440 5
788 2 88.3415587442933 15.3662365901027 100 0 1440 5
789 2 -14.6695910690291 92.7511093962679 100 0 1440 5
790 2 22.0497190633274 -21.3552550236471 100 0 1440 5
791 2 55.7056477339067 44.7066208602777 100 0 1440 5
792 2 45.6506862964382 -90.202687036043 100 0 1440 5
793 2 -69.04618027746 67.9865172655141 100 0 1440 5
794 2 -98.5997941902461 56.9693911354392 100 0 1440 5
795 2 90.0908544376357 45.4164911753239 100 0 1440 5
796 2 33.0697786437391 58.3388751655434 100 0 1440 5
797 2 -74.9653605368202 -39.185226893521 100 0 1440 5
798 2 -85.9768855386527 59.9658612946683 100 0 1440 5
799 2 45.2115022541754 82.262343233252 100 0 1440 5
800 2 13.7245776230436 66.4537126896391 100 0 1440 5
801 2 -2.82562492913954 -93.7333421561206 100 0 1440 5
802 2 -85.8668881224126 -58.4230590814997 100 0 1440 5
803 2 -77.2285290845339 82.2376546637926 100 0 1440 5
804 2 -93.0420131765167 -90.1177326382822 100 0 1440 5
805 2 -92.1800217007252 -50.7617112911745 100 0 1440 5
806 2 -69.4602728817266 38.6635470091306 100 0 1440 5
807 2 -74.3582209943732 -12.1716738383171 100 0 1440 5
808 2 57.7723258913586 12.2193242501965 100 0 1440 5
809 2 99.3715682586661 -76.1275996237131 100 0 1440 5
810 2 56.2278694508031 59.618959454528 100 0 1440 5
811 2 77.4410733580048 -48.5607759928101 100 0 1440 5
812 2 6.33357366559224 29.1498288604203 100 0 1440 5
813 2 -87.5096126038706 -20.4888330649212 100 0 1440 5
814 2 96.5605158520795 -13.8606289589774 100 0 1440 5
815 2 -29.8021783617408 91.4099636144655 100 0 1440 5
816 2 -4.78539790312809 68.012043501011 100 0 1440 5
817 2 76.8171960135099 54.0079182059927 100 0 1440 5
818 2 -78.6998987918274 86.447875271071 100 0 1440 5
819 2 -11.1448055583942 71.4424438733587 100 0 1440 5
820 2 62.405965403611 99.6765682132036 100 0 1440 5
821 2 72.2253729010241 68.8179164236956 100 0 1440 5
822 2 -8.3782930851406 69.7143236268204 100 0 1440 5
823 2 88.9186857323459 -32.9795454496903 100 0 1440 5
824 2 59.7243714178497 4.3000641537958 100 0 1440 5
825 2 74.8970521647287 0.171171798025682 100 0 1440 5
826 2 40.5177060821678 -0.89120357989998 100 0 1440 5
827 2 -37.6644170461937 90.409491513951 100 0 1440 5
828 2 -90.8994754257769 33.3328298223364 100 0 1440 5
829 2 51.9246888259623 66.7630879703054 100 0 1440 5
830 2 -26.5299139539501 -75.1282561305374 100 0 1440 5
831 2 16.734460636814 60.0827270510408 100 0 1440 5
832 2 63.3295924951206 67.2296930231767 100 0 1440 5
833 2 -51.1954917291156 66.7815408803008 100 0 1440 5
834 2 -74.0067686096914 98.9791665449019 100 0 1440 5
835 2 14.4419338348307 20.9268950383532 100 0 1440 5
836 2 73.2191106251612 -98.3660060469902 100 0 1440 5
837 2 26.1023571282372 -4.2781929405507 100 0 1440 5
838 2 65.6265131819033 89.4265168208705 100 0 1440 5
839 2 70.2329702138734 -51.6603367638496 100 0 1440 5
840 2 -20.3292981318889 -95.6252526954756 100 0 1440 5
841 2 44.7365356534554 81.3235698659824 100 0 1440 5
842 2 -41.8174073772398 -75.1496845217758 100 0 1440 5
843 2 -9.43987787465588 2.33787746886236 100 0 1440 5
844 2 -52.9164493206331 -48.5626162232052 100 0 1440 5
845 2 -26.263745802752 83.097044677568 100 0 1440 5
846 2 -68.46609017879 -30.8482099042834 100 0 1440 5
847 2 52.0461024898957 -62.9461250414025 100 0 1440 5
848 2 -66.4308664328694 -27.8612161169633 100 0 1440 5
849 2 -0.00158116322168667 -78.7119234429028 100 0 1440 5
850 2 64.9463908861811 -49.0178456283303 100 0 1440 5
851 2 63.3131908204568 16.5048765771118 100 0 1440 5
852 2 53.8182704554011 -87.942370553651 100 0 1440 5
853 2 56.4795137475663 23.7648764072404 100 0 1440 5
854 2 7.94596904727101 54.3944600164451 100 0 1440 5
855 2 -68.2379817874569 -60.7217197181413 100 0 1440 5
856 2 32.0631238619065 56.8414106740704 100 0 1440 5
857 2 53.4234103942389 9.19187412939806 100 0 1440 5
858 2 -10.069921996179 14.6622653563412 100 0 1440 5
859 2 -34.2986573700223 -67.2165094982532 100 0 1440 5
860 2 -34.5716646558962 50.8317392013737 100 0 1440 5
861 2 96.6399961182525 60.9889798026714 100 0 1440 5
862 2 -79.7871617938789 -42.789322710459 100 0 1440 5
863 2 -17.7305116858527 41.9787307382293 100 0 1440 5
864 2 -77.9329488336309 -8.48007000527673 100 0 1440 5
865 2 7.51357720071368 -11.0426436015231 100 0 1440 5
866 2 -2.08078072813223 67.8006357347357 100 0 1440 5
867 2 -37.1228143550816 -92.0109008526495 100 0 1440 5
868 2 83.8291516415048 84.1651275058211 100 0 1440 5
869 2 21.3340739784222 -75.9143799535693 100 0 1440 5
870 2 -47.8799757589989 88.5526222130494 100 0 1440 5
871 2 -99.5593897186616 8.78993936837418 100 0 1440 5
872 2 9.81056109968748 -99.5224360333339 100 0 1440 5
873 2 33.7080880912616 46.933196367128 100 0 1440 5
874 2 -85.1738961279544 97.0912867038891 100 0 1440 5
875 2 16.4624829102472 17.1374113646195 100 0 1440 5
876 2 -55.0159220620166 -98.9101497836486 100 0 1440 5
877 2 -10.7790155609372 -88.8796261125592 100 0 1440 5
878 2 -7.06322831691963 45.0377994153456 100 0 1440 5
879 2 91.0581534309237 20.1859595421283 100 0 1440 5
880 2 -72.7862732964461 -46.3904880497751 100 0 1440 5
881 2 -37.814807073935 -9.16259194603839 100 0 1440 5
882 2 49.9639529404625 -92.7279533902293 100 0 1440 5
883 2 45.3126559038928 40.7401879117899 100 0 1440 5
884 2 -43.6938033363212 -93.6337032179608 100 0 1440 5
885 2 -33.7760024289004 54.9178418602153 100 0 1440 5
886 2 34.33016329843 24.8321021251542 100 0 1440 5
887 2 -57.1062169079831 1.84646456054764 100 0 1440 5
888 2 80.3544938157195 62.5380900097127 100 0 1440 5
889 2 -52.3958569383787 49.9040216032668 100 0 1440 5
890 2 -1.7350247072919 -87.9862812670723 100 0 1440 5
891 2 36.6352919219985 -15.5626098026872 100 0 1440 5
892 2 -72.5195042098498 40.1595894753314 100 0 1440 5
893 2 -33.3553486702876 -39.3344012146528 100 0 1440 5
894 2 -60.198806608755 42.1778959728186 100 0 1440 5
895 2 -24.1565863055833 -57.9999219607899 100 0 1440 5
896 2 -34.815338400221 0.588202410011718 100 0 1440 5
897 2 52.1933032281844 9.51462167612505 100 0 1440 5
898 2 -29.901479194799 -73.03010639462 100 0 1440 5
899 2 11.3689053704256 -43.2529951962195 100 0 1440 5
900 2 4.86271068828685 -18.6780603457464 100 0 1440 5
901 2 26.076302884902 -46.6063674487529 100 0 1440 5
902 2 59.2990637633172 -39.9016276771789 100 0 1440 5
903 2 -11.9740592367641 48.5260050727661 100 0 1440 5
904 2 -14.3493517687936 78.6343951444053 100 0 1440 5
905 2 -62.4092951865443 -56.4040008772267 100 0 1440 5
906 2 -53.6544185472131 9.51865585876419 100 0 1440 5
907 2 97.728202962508 80.7137937931017 100 0 1440 5
908 2 69.6110761424684 91.3122110558675 100 0 1440 5
909 2 22.5232463583062 23.6105211771317 100 0 1440 5
910 2 -88.3300476702424 10.8094211375516 100 0 1440 5
911 2 -18.24839818022 46.5952141807392 100 0 1440 5
912 2 -40.6247082603606 -41.1492585063399 100 0 1440 5
913 2 -93.1567094474737 58.0651659362175 100 0 1440 5
914 2 6.38589000258563 39.7274356037286 100 0 1440 5
915 2 16.8221028230555 -34.7617792070722 100 0 1440 5
916 2 -90.2927614790251 -94.2160598790224 100 0 1440 5
917 2 -87.8683530337334 -90.622401842738 100 0 1440 5
918 2 7.59650439096973 -76.6297266276723 100 0 1440 5
919 2 97.2662161886767 -32.3675799654225 100 0 1440 5
920 2 -53.9430639925847 38.3948096163579 100 0 1440 5
921 2 -12.0288993759324 8.60298348709563 100 0 1440 5
922 2 26.6538663640894 -12.9277456594224 100 0 1440 5
923 2 -65.749242501392 -88.1331971356715 100 0 1440 5
924 2 -73.977421897353 30.8730633500886 100 0 1440 5
925 2 -4.06145843085497 -96.8976439135687 100 0 1440 5
926 2 -64.3157034391287 28.1041629016642 100 0 1440 5
927 2 33.1775537112541 30.3801169659536 100 0 1440 5
928 2 83.7420519243558 85.0569621704778 100 0 1440 5
929 2 0.502650152773043 -93.9623459602089 100 0 1440 5
930 2 -2.58033840448988 57.4426154011661 100 0 1440 5
931 2 81.5878308739393 82.8251381507172 100 0 1440 5
932 2 -17.4138084402038 -48.7833983093878 100 0 1440 5
933 2 84.0451556268896 21.3323385667039 100 0 1440 5
934 2 84.3515233513678 -42.6797420232077 100 0 1440 5
935 2 82.4700823651703 64.8459132563161 100 0 1440 5
936 2 -31.8723563011979 56.9062379662284 100 0 1440 5
937 2 -3.61225188195036 72.6193255497961 100 0 1440 5
938 2 55.4515495663772 -35.0367110779558 100 0 1440 5
939 2 1.65427899481116 -93.9251406919723 100 0 1440 5
940 2 61.2107845973647 -93.2664480446761 100 0 1440 5
941 2 73.6207865608513 25.8307703954031 100 0 1440 5
942 2 22.1781564130744 11.8681122144295 100 0 1440 5
943 2 -36.9856552097083 -20.08558379231 100 0 1440 5
944 2 -39.9503096750998 87.9640656501294 100 0 1440 5
945 2 -83.3059923310408 62.4670597423247 100 0 1440 5
946 2 -19.784083723615 23.1642413488515 100 0 1440 5
947 2 -78.5101152030229 43.1757627161389 100 0 1440 5
948 2 30.632724748336 45.1992352720708 100 0 1440 5
949 2 -92.8564964781494 34.2151760343498 100 0 1440 5
950 2 9.37082643228919 -86.944114883201 100 0 1440 5
951 2 71.4772137208222 25.4049179947273 100 0 1440 5
952 2 56.313872206136 71.937059420344 100 0 1440 5
953 2 -44.5067021545903 -90.5305865278237 100 0 1440 5
954 2 -48.7289031695092 0.0299594719621155 100 0 1440 5
955 2 6.92879674143612 95.7343634715514 100 0 1440 5
956 2 90.3225043253947 -92.3556474352722 100 0 1440 5
957 2 -72.7160864355064 -91.5597636396498 100 0 1440 5
958 2 -37.0003223157845 -90.5364178771009 100 0 1440 5
959 2 39.5392763236821 49.3561322980085 100 0 1440 5
960 2 9.02483293512049 -73.9598532267394 100 0 1440 5
961 2 -27.655613294403 15.9198833648489 100 0 1440 5
962 2 14.5113100702623 -68.5405810066214 100 0 1440 5
963 2 -97.314678644063 76.2201261613129 100 0 1440 5
964 2 99.1218635288369 -46.390002934595 100 0 1440 5
965 2 94.8382442277385 59.4061336969347 100 0 1440 5
966 2 48.6634452424347 58.1825641910228 100 0 1440 5
967 2 -78.674402556863 1.31923171859256 100 0 1440 5
968 2 28.5702262296248 66.9412782813254 100 0 1440 5
969 2 -55.2219741403043 -54.8315362610978 100 0 1440 5
970 2 -45.0830591385248 -62.3320523751232 100 0 1440 5
971 2 11.856219682732 -81.069378581806 100 0 1440 5
972 2 48.8638237107303 83.2898738579047 100 0 1440 5
973 2 -13.8830074782881 -44.0263648726543 100 0 1440 5
974 2 -78.7609951553712 -49.9874230874724 100 0 1440 5
975 2 -9.04388824832338 -17.5595640261818 100 0 1440 5
976 2 55.4157980248654 80.8589694021236 100 0 1440 5
977 2 -97.8092735901988 31.5705678095711 100 0 1440 5
978 2 -76.5325799620392 -62.9377672825996 100 0 1440 5
979 2 18.7457576325805 -43.1131417428858 100 0 1440 5
980 2 -6.86811920467605 -36.4090235475715 100 0 1440 5
981 2 -63.8046096792245 76.6671640887765 100 0 1440 5
982 2 87.371645414553 -1.85245084314545 100 0 1440 5
983 2 -20.8781051928561 -6.88559912564557 100 0 1440 5
984 2 35.8677537220395 19.8439243187124 100 0 1440 5
985 2 32.5534762961205 -28.9854378263712 100 0 1440 5
986 2 15.872952001704 2.11972342170554 100 0 1440 5
987 2 8.91976024500352 -59.5599578071827 100 0 1440 5
988 2 -8.68539114429083 15.1439703915344 100 0 1440 5
989 2 -55.5680638371577 92.3471102478587 100 0 1440 5
990 2 -87.6376857597414 59.8814112477982 100 0 1440 5
991 2 27.5935630161136 -21.0103419174985 100 0 1440 5
992 2 86.9586605931097 6.27599181120218 100 0 1440 5
993 2 -96.658350950586 5.30916457550035 100 0 1440 5
994 2 50.7813399791907 -48.196322619745 100 0 1440 5
995 2 -9.60508014521295 23.3710091387977 100 0 1440 5
996 2 78.1119238467291 -32.7054661126567 100 0 1440 5
997 2 8.66124345494299 -81.8673723425988 100 0 1440 5
998 2 44.1080848085655 10.8651826710258 100 0 1440 5
999 2 90.5680525035216 26.1073556517417 100 0 1440 5
1000 2 85.6131353418398 77.6077031595889 100 0 1440 5
1001 2 -11.907646050313 -36.2880450453744 100 0 1440 5
1002 2 45.1161589340053 25.0451019503629 100 0 1440 5
1003 2 69.8696081647363 -7.73641491252448 100 0 1440 5
1004 2 -81.350742505861 -61.8930945100033 100 0 1440 5
1005 2 4.46745508504236 -77.1438288056217 100 0 1440 5
1006 2 76.7520972957847 -58.5534206871529 100 0 1440 5
1007 2 -38.2399731114567 5.95454934753974 100 0 1440 5
1008 2 67.2495668210793 53.3856420778363 100 0 1440 5
1009 2 -60.0045224088696 74.8802497740726 100 0 1440 5
1010 2 -65.7974738643212 -70.1771600414105 100 0 1440 5
1011 2 -12.0975577753207 64.9331215716231 100 0 1440 5
1012 2 59.3558913400166 46.4108887873635 100 0 1440 5
1013 2 75.9444744401058 34.3310212791678 100 0 1440 5
1014 2 -73.3007782853086 94.6233902302339 100 0 1440 5
1015 2 -43.855836033277 21.2132947493942 100 0 1440 5
1016 2 68.974123906299 56.5808966792076 100 0 1440 5
1017 2 -96.0753331466869 -87.4744103695988 100 0 1440 5
1018 2 -65.6632806152139 12.3730499863854 100 0 1440 5
