-1 0
 0 10001
 1 2234
 1 2272
 1 2294
 1 2286
 1 2232
 1 2298
 1 9545
 1 2291
 1 2290
 1 2274
 1 2260
 1 2256
 1 2238
 1 2224
 1 2223
 1 2262
 1 2222
 1 2278
 1 2220
 1 2271
 1 2247
 1 1843
 1 2239
 1 2252
 1 1883
 1 1901
 1 1700
 1 1699
 1 3088
 1 3179
 1 7833
 1 8884
 1 3253
 1 3254
 1 3090
 1 3070
 1 3074
 1 9083
 1 3297
 1 2825
 1 3096
 1 3083
 1 3045
 1 1844
 1 2261
 1 2235
 1 2251
 1 2254
 1 2237
 1 2287
 1 2719
 1 2258
 1 2236
 1 2280
 1 2273
 1 2300
 1 7324
 1 2226
 1 2279
 1 2282
 1 2275
 1 2264
 1 2263
 1 2230
 1 2284
 1 2285
 1 8379
 1 2208
 1 2277
 1 2292
 1 2299
 1 2233
 1 1846
 1 2228
 2 10003
 1 2293
 1 2227
 1 2268
 1 2231
 1 2266
 1 2295
 1 2289
 1 2229
 1 2283
 2 10003
 3 10001
-1 1
 0 10001
 1 2267
 1 2225
 1 3047
 1 3098
 1 3049
 1 3043
 1 3053
 1 3078
 1 3077
 1 2821
 1 9465
 1 3082
 1 3095
 1 3080
 1 3091
 1 9277
 1 3050
 1 3097
 1 3086
 1 3093
 1 3094
 1 3051
 1 3048
 1 3046
 1 3063
 1 9006
 1 3042
 1 2822
 1 1702
 1 1877
 1 1703
 1 1701
 1 6366
 1 7866
 1 3041
 1 1731
 1 5055
 1 3052
 1 1875
 1 1874
 1 2307
 1 2308
 1 3085
 1 3044
 1 3076
 1 3084
 1 1716
 1 3079
 1 2826
 1 9477
 1 3081
 1 2820
 1 3087
 1 1714
 1 2823
 1 2209
 1 2255
 1 2257
 1 2245
 1 2246
 1 2248
 1 2249
 1 2250
 1 2259
 1 2244
 1 2265
 1 2297
 1 2276
 1 2296
 1 2281
 1 2288
 1 6377
 2 10003
 3 10001
-2 -2
