#  ndepot: 11
#   ndump: 4
# npickup: 500
#
# trash collection test problem
#
# type: 0:  vehicle
#       1:  dump
#       2:  pickup
#
# For vehicles:
#   demand - is vehicle capcity
#   x,y - vehicle home location
#   tw_open - start time for the vehicle
#   tw_close - time vechile must be home
#   service - NA
#
# For dump facilities:
#   demand - NA
#   x,y - location of the dump
#   tw_open - time dump opens
#   tw_close - time dump closes
#   service - time to service the dump
#
# For pickup locations
#   demand - potential load to add to vehicle
#   x,y - location of pickup
#   tw_open - earliest pickup time
#   tw_close - latest pickup time
#   service - time to service the pickup
#
# Times are in minutes from 0 hour (mid-night)
#
#nid    type    x       y       demand  tw_open tw_close        service
0 0 17.7886001913073 41.7420032149437 5000 0 1440 0
1 0 -32.0900286936855 -5.05211025539296 5000 0 1440 0
2 0 -67.8238396741868 -66.6331092856154 5000 0 1440 0
3 0 72.2463521914214 60.4339212726856 5000 0 1440 0
4 0 18.309987055256 -80.2057811872601 5000 0 1440 0
5 0 -24.688908268255 0.32317768590957 5000 0 1440 0
6 0 98.3282198723806 11.7275593965616 5000 0 1440 0
7 0 -34.7897674741951 43.3990799065427 5000 0 1440 0
8 0 -70.3209506404498 48.958462779234 5000 0 1440 0
9 0 -97.5946930574629 -53.0348264464905 5000 0 1440 0
10 0 96.9711776957219 -84.0393994373613 5000 0 1440 0
11 1 -55.4500367885971 -18.592269722258 0 0 1440 30
12 1 -45.6832762021399 -50.7308006638937 0 0 1440 30
13 1 27.4415422885987 -58.6915695302125 0 0 1440 30
14 1 -42.2320532307275 -30.4226685489397 0 0 1440 30
15 2 39.7484426728276 45.731152684526 100 0 1440 5
16 2 -46.0211450691297 -68.4233931070423 100 0 1440 5
17 2 -69.1924362867645 46.0876873641737 100 0 1440 5
18 2 44.3759964711184 40.3811200865874 100 0 1440 5
19 2 44.1407627275048 -2.87215204167097 100 0 1440 5
20 2 34.2510541664588 63.220459816489 100 0 1440 5
21 2 61.3291599297405 -61.2672161613588 100 0 1440 5
22 2 29.2678531962544 0.415501821206021 100 0 1440 5
23 2 99.0483402556713 85.0741189857658 100 0 1440 5
24 2 49.5096003048168 55.0298845282953 100 0 1440 5
25 2 -55.4299048331679 -96.7813392124057 100 0 1440 5
26 2 0.60516694784738 43.715831336462 100 0 1440 5
27 2 0.666382915783714 -6.58334306967419 100 0 1440 5
28 2 45.5175711016359 62.9656403218974 100 0 1440 5
29 2 -10.9772749389357 -55.7562622122234 100 0 1440 5
30 2 -52.2699353893721 9.18502674784634 100 0 1440 5
31 2 -77.979637266538 41.7305794194007 100 0 1440 5
32 2 60.9269578024858 -55.208112210363 100 0 1440 5
33 2 -23.2567692256659 -45.0072292261765 100 0 1440 5
34 2 91.5640731095358 -93.8907250481435 100 0 1440 5
35 2 13.5962338920926 22.1741804622681 100 0 1440 5
36 2 -5.69092289849138 -84.5152797499395 100 0 1440 5
37 2 -13.100511085387 -81.6268939849166 100 0 1440 5
38 2 -72.8185418432552 46.2748798563581 100 0 1440 5
39 2 -51.211806446782 28.3894643646576 100 0 1440 5
40 2 9.9371574775553 4.65504606641503 100 0 1440 5
41 2 93.8636573380244 76.4960589093349 100 0 1440 5
42 2 28.0503867901906 -50.6572523651272 100 0 1440 5
43 2 -85.9031529651652 16.005348405524 100 0 1440 5
44 2 3.39653936088737 35.083722246884 100 0 1440 5
45 2 -94.1043805896051 64.3079586090224 100 0 1440 5
46 2 24.911884406729 -92.9176843545832 100 0 1440 5
47 2 9.04970117572859 23.5582315416522 100 0 1440 5
48 2 -22.8005089164292 13.5371522171852 100 0 1440 5
49 2 66.1274918064031 -29.3417880043634 100 0 1440 5
50 2 -83.0068805069537 -32.7379558454851 100 0 1440 5
51 2 -82.8950277860322 -21.8475610942804 100 0 1440 5
52 2 -13.0667949333137 53.3518731561571 100 0 1440 5
53 2 24.4734634244502 -36.2754469821354 100 0 1440 5
54 2 -0.771888242550034 -70.561097492984 100 0 1440 5
55 2 36.3387570076831 11.9408643634401 100 0 1440 5
56 2 10.0711011974802 32.8469707849592 100 0 1440 5
57 2 -92.7467045046207 97.5984559091344 100 0 1440 5
58 2 -3.61447813433742 -67.4154061176665 100 0 1440 5
59 2 17.5046789262574 23.5139458954151 100 0 1440 5
60 2 62.4291268495831 -65.5565279994903 100 0 1440 5
61 2 -39.268124536833 2.96650330017911 100 0 1440 5
62 2 83.4797434837448 -41.5684247222629 100 0 1440 5
63 2 47.0941822400498 32.5429210693173 100 0 1440 5
64 2 -58.6496945005813 6.44017824378693 100 0 1440 5
65 2 25.4412797157123 -42.7936872577547 100 0 1440 5
66 2 -58.4319191687278 74.6172418593204 100 0 1440 5
67 2 34.3147113367813 96.5311223680303 100 0 1440 5
68 2 -89.9476516080703 -57.2842850063807 100 0 1440 5
69 2 10.0658627438484 -72.1515623434286 100 0 1440 5
70 2 49.0133574478911 98.1499573212687 100 0 1440 5
71 2 -86.5579264072956 -14.7151153606288 100 0 1440 5
72 2 54.1747062087445 -14.8031147234121 100 0 1440 5
73 2 -23.1650471932973 -11.7615287742396 100 0 1440 5
74 2 40.5178643763783 -27.5840756059466 100 0 1440 5
75 2 -43.2076527733166 41.7234494330202 100 0 1440 5
76 2 -60.5869998080884 19.753727583668 100 0 1440 5
77 2 24.7817966815283 15.3663942426718 100 0 1440 5
78 2 -20.2888815346704 -80.1087978578238 100 0 1440 5
79 2 -91.4022420346903 96.9050634902814 100 0 1440 5
80 2 -21.7696653236764 -41.7480089157664 100 0 1440 5
81 2 62.8914585761343 -2.78697956754144 100 0 1440 5
82 2 -14.1995360053976 -42.0815108079097 100 0 1440 5
83 2 96.3600108471773 -47.3457188476985 100 0 1440 5
84 2 -26.0134445160411 -22.18594647195 100 0 1440 5
85 2 2.07444078203807 0.596205263373406 100 0 1440 5
86 2 30.770113326637 46.3536045309212 100 0 1440 5
87 2 53.7936259944438 -3.06670704762979 100 0 1440 5
88 2 52.4280811330648 -77.0903802741202 100 0 1440 5
89 2 63.0668561464653 80.3822967619695 100 0 1440 5
90 2 80.8407847867819 -26.418089983386 100 0 1440 5
91 2 -1.73911032019944 -24.8920848420724 100 0 1440 5
92 2 13.332496315406 -33.2821490006722 100 0 1440 5
93 2 -3.22795505867717 -52.9388806516792 100 0 1440 5
94 2 94.3786584757483 81.3502312401312 100 0 1440 5
95 2 -54.3609054830206 4.51668752790368 100 0 1440 5
96 2 39.2036595947054 75.272888490548 100 0 1440 5
97 2 44.2225912072693 52.0655942068871 100 0 1440 5
98 2 -91.8310667826823 79.0551458803264 100 0 1440 5
99 2 -83.1501948970818 -9.74066094898518 100 0 1440 5
100 2 83.2646397794015 -78.77495427756 100 0 1440 5
101 2 25.2557561510081 98.849912208648 100 0 1440 5
102 2 -55.0541696555705 -95.426178807881 100 0 1440 5
103 2 -7.18105206028739 76.8786939306423 100 0 1440 5
104 2 -74.402642077154 53.6202582999579 100 0 1440 5
105 2 38.1594086739277 42.6229879001326 100 0 1440 5
106 2 -42.7025474732282 51.4188947685938 100 0 1440 5
107 2 -91.5744130355229 53.617902581918 100 0 1440 5
108 2 34.1293744040691 -54.0793088568421 100 0 1440 5
109 2 76.9595956102158 2.76673557496707 100 0 1440 5
110 2 86.5404683430008 0.944205217652438 100 0 1440 5
111 2 41.0363085152419 -79.8073050933581 100 0 1440 5
112 2 -3.73017695776454 16.5597161426092 100 0 1440 5
113 2 28.6849567525699 -20.6484790564318 100 0 1440 5
114 2 -40.1138441992849 -26.4765081061597 100 0 1440 5
115 2 45.5112020610095 -84.4738343883435 100 0 1440 5
116 2 -2.65194330208303 44.6447856277928 100 0 1440 5
117 2 -0.142747756368777 38.7939544166059 100 0 1440 5
118 2 -24.8040994926917 -55.9305046740263 100 0 1440 5
119 2 15.1064855240968 13.651413836304 100 0 1440 5
120 2 13.6101313143065 -12.0079604608861 100 0 1440 5
121 2 -60.3786675887342 -86.41499548214 100 0 1440 5
122 2 -70.1491933051749 -45.0437975188066 100 0 1440 5
123 2 -93.512113477113 -1.00482814541039 100 0 1440 5
124 2 60.3798178514985 51.4967966941526 100 0 1440 5
125 2 76.3419426258189 -52.850777557903 100 0 1440 5
126 2 -61.2633581980525 3.3522935060688 100 0 1440 5
127 2 57.107953363117 -52.4866298823227 100 0 1440 5
128 2 -9.90760593303932 -49.0856069612221 100 0 1440 5
129 2 -34.8411817425337 7.2786812735913 100 0 1440 5
130 2 -43.9281021837665 -19.8308409146222 100 0 1440 5
131 2 -55.5104678941753 60.6573984023427 100 0 1440 5
132 2 -29.7389694046778 70.4461422737495 100 0 1440 5
133 2 -44.0944126882108 -9.78195411908445 100 0 1440 5
134 2 -33.2166849202643 94.2721700591875 100 0 1440 5
135 2 89.4967085400815 -74.0923646689922 100 0 1440 5
136 2 88.0371482806034 22.0955067474335 100 0 1440 5
137 2 33.9620608216954 42.3600020036261 100 0 1440 5
138 2 45.3597767611235 -71.7008065611395 100 0 1440 5
139 2 -10.5364236113651 10.6186310289829 100 0 1440 5
140 2 -74.1223137859883 -19.4201209947437 100 0 1440 5
141 2 61.0235535738148 37.6430855464676 100 0 1440 5
142 2 -6.40795530256568 -58.6243385373876 100 0 1440 5
143 2 -17.9097444254133 -64.82185981546 100 0 1440 5
144 2 31.9337824304291 89.6536868865212 100 0 1440 5
145 2 48.4349402474912 -33.8732344032778 100 0 1440 5
146 2 -36.6676301914218 59.2108128312447 100 0 1440 5
147 2 -12.6953531227691 16.9900152774446 100 0 1440 5
148 2 -30.8730682832838 14.018847559214 100 0 1440 5
149 2 32.6512145444973 -87.1485528196715 100 0 1440 5
150 2 -53.6154272122779 -26.4949622353214 100 0 1440 5
151 2 -48.1725281948236 -71.4512177584325 100 0 1440 5
152 2 68.4802474849569 -54.4310916165784 100 0 1440 5
153 2 -9.44961861240259 35.9738722723947 100 0 1440 5
154 2 70.8617532706775 -89.7064289800852 100 0 1440 5
155 2 -70.032790985119 70.8815333272057 100 0 1440 5
156 2 -64.8759828362294 63.5335249939885 100 0 1440 5
157 2 31.7385747660829 -10.6987899222688 100 0 1440 5
158 2 81.8253481874173 -79.2029104889565 100 0 1440 5
159 2 74.2106011027197 27.8905844287337 100 0 1440 5
160 2 -40.5036969391851 -4.83976050696242 100 0 1440 5
161 2 35.6513563064048 -23.2700599029712 100 0 1440 5
162 2 3.74582249884625 -1.45491632806909 100 0 1440 5
163 2 -19.5365319012872 37.638156643213 100 0 1440 5
164 2 -28.3890968503947 26.8908341429778 100 0 1440 5
165 2 -36.8307878539703 74.7284439943044 100 0 1440 5
166 2 -16.6981619780493 -67.016815797794 100 0 1440 5
167 2 35.3356264900405 -6.62784567441719 100 0 1440 5
168 2 -57.133451266224 75.5598484506265 100 0 1440 5
169 2 65.6293281886427 13.8850347812436 100 0 1440 5
170 2 93.2613085464517 -27.5290616628268 100 0 1440 5
171 2 46.6527751024664 70.0999244060583 100 0 1440 5
172 2 87.722778441907 -55.036839966931 100 0 1440 5
173 2 -61.4702136811765 71.6759643340609 100 0 1440 5
174 2 41.6643119460879 88.521842282276 100 0 1440 5
175 2 -96.5827283322035 61.7746942353605 100 0 1440 5
176 2 46.6694905060429 -34.785157844118 100 0 1440 5
177 2 22.88638665432 95.9907627585054 100 0 1440 5
178 2 75.2543924876512 -91.6672510472637 100 0 1440 5
179 2 -92.2712135945012 -90.3328022765962 100 0 1440 5
180 2 42.2687377770281 -59.3691766656548 100 0 1440 5
181 2 -55.8836365859555 -47.4149243813642 100 0 1440 5
182 2 92.0813490409024 14.0950826589943 100 0 1440 5
183 2 -51.2851185533926 -95.7471879629352 100 0 1440 5
184 2 -8.35110757021695 16.448186888266 100 0 1440 5
185 2 -3.51267552008281 69.5139775449903 100 0 1440 5
186 2 85.42516739249 95.2756048785744 100 0 1440 5
187 2 47.3106274280376 50.9523396226584 100 0 1440 5
188 2 -68.3171301883526 15.5092608410428 100 0 1440 5
189 2 -69.4161927693166 37.731553237775 100 0 1440 5
190 2 -70.332682633002 -16.0002122449981 100 0 1440 5
191 2 -9.23456891456524 -95.6776171812535 100 0 1440 5
192 2 -32.8163366130859 -6.89003894640905 100 0 1440 5
193 2 -18.0920942741729 19.4253493806983 100 0 1440 5
194 2 -11.5378020417516 -96.1338355356048 100 0 1440 5
195 2 -2.95568982731496 -4.2009291750972 100 0 1440 5
196 2 87.8020052306802 11.5321629837581 100 0 1440 5
197 2 -9.35551318229173 14.2871134810733 100 0 1440 5
198 2 76.5380761739813 -81.0346619096407 100 0 1440 5
199 2 1.82991453621 6.85671129206042 100 0 1440 5
200 2 15.9125290251389 45.3501899618516 100 0 1440 5
201 2 -94.2144247299531 38.8040481518161 100 0 1440 5
202 2 -61.3165722029599 -17.4273568521954 100 0 1440 5
203 2 44.6206546721719 72.450751300066 100 0 1440 5
204 2 -54.3736249885619 94.4218183729049 100 0 1440 5
205 2 -58.7774495391194 -15.2123781490374 100 0 1440 5
206 2 22.9511507661847 -46.0712336036835 100 0 1440 5
207 2 -54.540638405286 38.872244988066 100 0 1440 5
208 2 12.1697388502305 3.54451263630722 100 0 1440 5
209 2 -42.921140251881 -59.2602104056695 100 0 1440 5
210 2 -80.1603156203406 76.7179460837013 100 0 1440 5
211 2 10.1159643433611 -54.3511623966495 100 0 1440 5
212 2 -8.78057115596036 -33.9220846265789 100 0 1440 5
213 2 76.4700160758217 83.2892896569504 100 0 1440 5
214 2 15.186630024639 94.2986812603323 100 0 1440 5
215 2 79.0867339577055 52.885088234278 100 0 1440 5
216 2 69.3880584745678 23.4039306538136 100 0 1440 5
217 2 -83.9582901006771 75.8134947788918 100 0 1440 5
218 2 61.7370316356791 14.4371953049216 100 0 1440 5
219 2 44.5617052475022 -6.55723400709149 100 0 1440 5
220 2 -50.0969362919299 62.9160507107258 100 0 1440 5
221 2 -91.9490719926706 47.4941088911081 100 0 1440 5
222 2 -87.1749634147044 -69.7607896976564 100 0 1440 5
223 2 -0.449049813699531 93.6195669129674 100 0 1440 5
224 2 61.62529702192 64.2998890164051 100 0 1440 5
225 2 22.4190343191161 68.4378128769268 100 0 1440 5
226 2 -18.6657797902022 54.1709014141333 100 0 1440 5
227 2 54.6494392567347 -23.5074886712326 100 0 1440 5
228 2 24.9045126054916 47.1871951079265 100 0 1440 5
229 2 -40.9001697650559 -14.8742246151912 100 0 1440 5
230 2 88.0784196735 28.5052128822855 100 0 1440 5
231 2 -39.5407104243994 38.850094000712 100 0 1440 5
232 2 -5.62938031151745 -67.1640609458734 100 0 1440 5
233 2 -25.7303253821739 -64.6612427919976 100 0 1440 5
234 2 45.971485374438 38.2250298069806 100 0 1440 5
235 2 7.47726112684219 75.6450717530058 100 0 1440 5
236 2 46.6111434498039 -51.690634045724 100 0 1440 5
237 2 -71.7391940152346 22.8373502467164 100 0 1440 5
238 2 -10.1690794052864 71.3600123388602 100 0 1440 5
239 2 40.2944249305726 15.1575858891974 100 0 1440 5
240 2 9.78689546016156 73.6972333591154 100 0 1440 5
241 2 98.8230719855913 99.4597045684387 100 0 1440 5
242 2 -93.6130574014065 46.9292114264789 100 0 1440 5
243 2 19.2439894762565 23.5661291511789 100 0 1440 5
244 2 42.5894181114536 -38.7572429951206 100 0 1440 5
245 2 -9.78666625248152 -24.0680904179769 100 0 1440 5
246 2 45.0450608814869 62.106897759557 100 0 1440 5
247 2 -9.82766575182339 -60.6183205127323 100 0 1440 5
248 2 61.5453299861095 -60.1908972490662 100 0 1440 5
249 2 -13.2241248364473 62.5690078411722 100 0 1440 5
250 2 97.176830772927 97.9243480486588 100 0 1440 5
251 2 -18.2026383286889 -93.7918646050051 100 0 1440 5
252 2 -11.4757383805049 -41.0604248883487 100 0 1440 5
253 2 49.0912097028705 27.1774324929382 100 0 1440 5
254 2 20.1900030966819 -33.2343547180784 100 0 1440 5
255 2 40.1573413057456 -13.4499998957736 100 0 1440 5
256 2 -55.59136639149 23.8359652731504 100 0 1440 5
257 2 -68.5652601787048 -50.1475281131306 100 0 1440 5
258 2 -47.6441469088819 85.1108620994609 100 0 1440 5
259 2 -69.0575173822545 59.8960743662403 100 0 1440 5
260 2 -49.7649084804998 25.8998339855225 100 0 1440 5
261 2 11.2007865499969 52.997177360426 100 0 1440 5
262 2 15.3480342929448 11.4253089260757 100 0 1440 5
263 2 -6.95946484438608 35.0657301143869 100 0 1440 5
264 2 13.7189745486133 83.0518172211725 100 0 1440 5
265 2 -35.8884306594611 -10.2280572837103 100 0 1440 5
266 2 -66.3261344125395 1.7888410028803 100 0 1440 5
267 2 10.4167774584589 -60.1878502380444 100 0 1440 5
268 2 76.9247573877188 -30.1356450101025 100 0 1440 5
269 2 -6.55522125560211 85.3167964071943 100 0 1440 5
270 2 -86.344477871571 -95.1954690415135 100 0 1440 5
271 2 -15.5121814740035 -10.0652715971265 100 0 1440 5
272 2 -20.0530327509789 -60.3864437986715 100 0 1440 5
273 2 -72.8225529949192 42.471259943899 100 0 1440 5
274 2 -80.6548366692901 -57.4786739396387 100 0 1440 5
275 2 -64.562301822486 85.6606486808616 100 0 1440 5
276 2 -44.1823594985117 18.6762249653611 100 0 1440 5
277 2 33.857884140965 47.3494385419329 100 0 1440 5
278 2 -41.2654063612329 -94.4493782130138 100 0 1440 5
279 2 -61.5361648718824 -65.1865494073277 100 0 1440 5
280 2 13.4579458722222 88.2683862211991 100 0 1440 5
281 2 76.1815095969858 -59.9891774772672 100 0 1440 5
282 2 50.8466142741817 28.2519958614415 100 0 1440 5
283 2 -90.2705658896089 -39.7057690089653 100 0 1440 5
284 2 88.3431636658948 -40.6580389143642 100 0 1440 5
285 2 -79.3395279567029 -48.3999095151987 100 0 1440 5
286 2 -17.2282133347061 -96.1913406129582 100 0 1440 5
287 2 -3.16197413041053 -86.3410799470685 100 0 1440 5
288 2 44.6517729553769 -6.47344518880004 100 0 1440 5
289 2 -47.5589876009714 51.7120177605094 100 0 1440 5
290 2 -14.5591092379014 49.2084942256469 100 0 1440 5
291 2 -0.0651236395079025 87.0828944788329 100 0 1440 5
292 2 98.0209611966821 26.3236327447885 100 0 1440 5
293 2 6.2365876592672 -1.62959382583239 100 0 1440 5
294 2 57.8999239395195 -63.4081417407259 100 0 1440 5
295 2 52.0790639740419 -7.23800031148727 100 0 1440 5
296 2 -5.36756677864716 8.33067217741359 100 0 1440 5
297 2 -82.4911643966153 -62.1072363830066 100 0 1440 5
298 2 52.0810486921881 70.1226526756358 100 0 1440 5
299 2 21.3190861218941 -38.1931342209285 100 0 1440 5
300 2 -69.7960409405873 96.0931904756876 100 0 1440 5
301 2 -77.5574770371612 63.0452744545963 100 0 1440 5
302 2 -6.46054017614901 6.4844579182278 100 0 1440 5
303 2 -38.0560809929996 -96.0547854892084 100 0 1440 5
304 2 -78.43633745399 96.2528623856713 100 0 1440 5
305 2 -9.07531787342819 5.27541428260889 100 0 1440 5
306 2 58.3527043345306 92.2988574415939 100 0 1440 5
307 2 38.6705169083534 64.8546670864491 100 0 1440 5
308 2 -46.1643848351223 -5.01974810028969 100 0 1440 5
309 2 -36.3477960378681 -89.5576249539133 100 0 1440 5
310 2 -47.644450291434 -76.7916190876093 100 0 1440 5
311 2 75.0677998080157 19.7063749897083 100 0 1440 5
312 2 -82.1331379182645 -10.7490034231148 100 0 1440 5
313 2 82.6562168306417 -72.6517209616972 100 0 1440 5
314 2 -53.8899411933436 -82.9381890031215 100 0 1440 5
315 2 36.3062406885597 -50.4923913517771 100 0 1440 5
316 2 -74.6224301792431 -22.6554052923007 100 0 1440 5
317 2 -46.05435562626 -75.4940272054384 100 0 1440 5
318 2 -92.5129079349652 -62.4150896245368 100 0 1440 5
319 2 -53.6387736709578 61.0892511870688 100 0 1440 5
320 2 43.4175475372292 63.0152582136304 100 0 1440 5
321 2 -38.363602849379 42.962004396658 100 0 1440 5
322 2 -56.537979795106 5.11493812491324 100 0 1440 5
323 2 -38.9125720723605 32.0919570381349 100 0 1440 5
324 2 25.0639563395289 81.1046066721701 100 0 1440 5
325 2 64.8467157032961 -8.37379979639508 100 0 1440 5
326 2 -86.2960068448068 -12.5773628911219 100 0 1440 5
327 2 -28.8795196209328 -10.9374523289048 100 0 1440 5
328 2 29.8965836135388 61.936290357977 100 0 1440 5
329 2 -48.1967548717968 -3.55793047574338 100 0 1440 5
330 2 -89.2353266080328 -23.6593134826677 100 0 1440 5
331 2 -7.64866846508951 -40.2199707884122 100 0 1440 5
332 2 25.6386218026314 -82.3470573092322 100 0 1440 5
333 2 -99.9835162677108 25.8650782474504 100 0 1440 5
334 2 15.1489043972653 24.8629261955699 100 0 1440 5
335 2 -83.2423147250104 -19.8115707877733 100 0 1440 5
336 2 -58.5475464036556 55.7261749805718 100 0 1440 5
337 2 -2.95168914831052 -67.5013550547064 100 0 1440 5
338 2 28.2763474408434 44.5739719033753 100 0 1440 5
339 2 -57.3339752821148 81.8214623420701 100 0 1440 5
340 2 -96.2684920191286 -96.8093611390259 100 0 1440 5
341 2 13.3083614111307 74.3705254652198 100 0 1440 5
342 2 62.3196823877358 -55.2858468550056 100 0 1440 5
343 2 -18.943235601251 37.3618472601706 100 0 1440 5
344 2 26.8308141044947 59.723494300971 100 0 1440 5
345 2 -13.5199226978195 9.21506452643968 100 0 1440 5
346 2 23.1315307348304 -68.1199822894683 100 0 1440 5
347 2 -56.6858572574752 -0.0140905611672792 100 0 1440 5
348 2 54.030442411085 -11.4890664139352 100 0 1440 5
349 2 76.5913281584709 -8.7403946635888 100 0 1440 5
350 2 -39.0511784204271 83.3059595693982 100 0 1440 5
351 2 55.8615286607044 36.4019172022026 100 0 1440 5
352 2 48.1275849947913 0.913724159221374 100 0 1440 5
353 2 81.4085566060179 42.3961607429547 100 0 1440 5
354 2 -16.7101162760751 56.8678392564351 100 0 1440 5
355 2 18.4118785997434 23.9984107458142 100 0 1440 5
356 2 -83.5954103709518 -5.73595428768385 100 0 1440 5
357 2 -36.2525344332347 -81.7477380623629 100 0 1440 5
358 2 -74.563890383299 -92.6052216086617 100 0 1440 5
359 2 -74.8978571307369 59.276596402718 100 0 1440 5
360 2 21.3218244230241 -38.3037905813069 100 0 1440 5
361 2 35.4573276934751 -55.442286773949 100 0 1440 5
362 2 56.1165993374097 41.5706224720083 100 0 1440 5
363 2 1.56948257816154 7.7486909218166 100 0 1440 5
364 2 76.1358125586362 -91.2658403025375 100 0 1440 5
365 2 67.250059514091 60.336793880613 100 0 1440 5
366 2 -40.5092446752768 -37.3481214175484 100 0 1440 5
367 2 -23.9337789932399 -85.2580869759677 100 0 1440 5
368 2 -46.2553609387435 83.4289714001613 100 0 1440 5
369 2 -50.7907346363005 71.8382605915068 100 0 1440 5
370 2 -20.7496389472986 31.4242471558572 100 0 1440 5
371 2 98.9995157431103 92.0556320019315 100 0 1440 5
372 2 -52.5858059427655 -44.8401321895972 100 0 1440 5
373 2 13.7285186822133 94.7483165313955 100 0 1440 5
374 2 36.6392393578941 1.26517943347437 100 0 1440 5
375 2 52.8208004115861 -2.82300437156806 100 0 1440 5
376 2 13.6403794713608 -38.2174026528617 100 0 1440 5
377 2 -49.2077892440967 42.114525549529 100 0 1440 5
378 2 41.4151486204482 -27.1247952400842 100 0 1440 5
379 2 52.9791073218853 -70.2318278597843 100 0 1440 5
380 2 0.253968617398215 85.6293193621582 100 0 1440 5
381 2 -5.07364051909818 1.54146251087042 100 0 1440 5
382 2 -96.7448624976576 58.186084355512 100 0 1440 5
383 2 -69.3085551334327 84.3961535614753 100 0 1440 5
384 2 16.9763706348029 15.9344619224555 100 0 1440 5
385 2 -56.1891667731949 37.6017032958671 100 0 1440 5
386 2 -79.1678585541227 43.1491607063407 100 0 1440 5
387 2 -90.4275340047498 18.9838801336165 100 0 1440 5
388 2 -59.0138857752372 8.58132696807843 100 0 1440 5
389 2 -19.541492621503 -45.9614295235085 100 0 1440 5
390 2 76.7671666355433 95.5525842125581 100 0 1440 5
391 2 -59.2952734064063 -74.7807418834569 100 0 1440 5
392 2 -33.3425723613225 -36.3654692639045 100 0 1440 5
393 2 14.0309336343215 55.2198631841762 100 0 1440 5
394 2 98.8879696263929 76.7114112356552 100 0 1440 5
395 2 44.5198950951912 20.1664557271485 100 0 1440 5
396 2 -93.516145627796 -93.0563201587006 100 0 1440 5
397 2 -71.2258353612732 -42.5653878147315 100 0 1440 5
398 2 61.7017033420417 84.8198801852647 100 0 1440 5
399 2 -77.0996628455016 -82.4183255193603 100 0 1440 5
400 2 29.3014065179939 -15.8260040957259 100 0 1440 5
401 2 -63.7775609724919 18.0077136796299 100 0 1440 5
402 2 -3.2844373545764 82.9504847861443 100 0 1440 5
403 2 -48.8004382910795 -17.0565942996816 100 0 1440 5
404 2 -17.7226797697521 53.9399141174499 100 0 1440 5
405 2 -37.2685055362275 -26.1598921619949 100 0 1440 5
406 2 56.2160251854245 46.1297761659608 100 0 1440 5
407 2 -62.5809227418138 27.9649944614434 100 0 1440 5
408 2 -15.2679597457897 1.28799363977237 100 0 1440 5
409 2 72.5673387427513 -89.1350194062156 100 0 1440 5
410 2 32.3438457225201 -0.383862095500831 100 0 1440 5
411 2 -55.4317303108697 58.3651457348012 100 0 1440 5
412 2 4.71362297373119 -16.4042097893912 100 0 1440 5
413 2 -73.8096284564143 -77.9567202952123 100 0 1440 5
414 2 71.778524636543 14.4500906849231 100 0 1440 5
415 2 12.2729754740128 -47.0701800043926 100 0 1440 5
416 2 33.3453099300193 -31.9763461264813 100 0 1440 5
417 2 4.03881190620936 -46.095351399309 100 0 1440 5
418 2 46.072533819703 76.5429956877114 100 0 1440 5
419 2 -15.0125134295031 -77.5932219366339 100 0 1440 5
420 2 57.3185862647115 -77.023272799488 100 0 1440 5
421 2 -11.9705509885456 -9.72730596827631 100 0 1440 5
422 2 38.6521456579864 -47.9846616321055 100 0 1440 5
423 2 56.7037858514134 -26.4681525616894 100 0 1440 5
424 2 96.5056010403835 85.6047319074207 100 0 1440 5
425 2 86.1577963425042 76.6963160342598 100 0 1440 5
426 2 -8.27172669593992 -65.8089132437823 100 0 1440 5
427 2 75.8408743924342 -13.506205099948 100 0 1440 5
428 2 -78.4836111083727 43.1874442510093 100 0 1440 5
429 2 9.99379180581954 -49.7583587710707 100 0 1440 5
430 2 -80.1627070551966 76.5999309248542 100 0 1440 5
431 2 -80.9638855542183 3.40250263405864 100 0 1440 5
432 2 -4.87210504018023 -61.6759279015525 100 0 1440 5
433 2 -29.4667511103377 6.68191296687297 100 0 1440 5
434 2 41.4583812665946 -8.46547724170534 100 0 1440 5
435 2 -61.1504255719019 -79.1670423484064 100 0 1440 5
436 2 -8.13663243529206 -63.8349409402281 100 0 1440 5
437 2 44.7793264383414 10.7555043397682 100 0 1440 5
438 2 -93.8695361785243 -74.8448523299629 100 0 1440 5
439 2 17.9314247505992 -18.724623231266 100 0 1440 5
440 2 -58.3977544340648 -23.5048464260387 100 0 1440 5
441 2 -16.4076528796933 -64.9549674307522 100 0 1440 5
442 2 -98.2815675026778 7.82957240570283 100 0 1440 5
443 2 -79.00850418036 66.3296019100969 100 0 1440 5
444 2 15.9522298676343 -25.703106660751 100 0 1440 5
445 2 -19.2396428317842 -0.836634208660314 100 0 1440 5
446 2 14.9548527951403 -77.6588744267968 100 0 1440 5
447 2 25.9491720358135 8.73971300289753 100 0 1440 5
448 2 30.2167910192118 29.4939679782999 100 0 1440 5
449 2 -96.0931175309021 -26.6848742484498 100 0 1440 5
450 2 -11.8900558833808 -67.2066199594184 100 0 1440 5
451 2 -63.069141880289 -39.1273817730351 100 0 1440 5
452 2 69.1429273654485 59.8942353288749 100 0 1440 5
453 2 -0.233601417259166 -91.0648975737828 100 0 1440 5
454 2 65.619178765062 73.4851188421572 100 0 1440 5
455 2 -65.6786834075326 84.0021938863387 100 0 1440 5
456 2 61.2355506990419 -19.0775207493914 100 0 1440 5
457 2 -70.4779052335745 63.9878090857579 100 0 1440 5
458 2 -43.27559213718 -90.2754212664064 100 0 1440 5
459 2 -99.1357622607843 55.7683586680739 100 0 1440 5
460 2 24.2764388687142 -78.4466906614739 100 0 1440 5
461 2 -35.6854254158669 -98.3547811845639 100 0 1440 5
462 2 53.6609848883565 51.4972780365184 100 0 1440 5
463 2 77.846465883578 -67.5617204461233 100 0 1440 5
464 2 83.787257296013 -12.075084566078 100 0 1440 5
465 2 76.6941981783496 58.4425360092737 100 0 1440 5
466 2 -60.3500799639356 -73.9029520866808 100 0 1440 5
467 2 -48.3106316986841 -51.8952808498014 100 0 1440 5
468 2 26.5277138539268 -35.5652976767715 100 0 1440 5
469 2 -99.2961662174061 -98.3553311472676 100 0 1440 5
470 2 -3.06933889803744 -2.72480128726045 100 0 1440 5
471 2 -51.1901043987343 84.7143467024111 100 0 1440 5
472 2 92.7214740604434 76.6881425154963 100 0 1440 5
473 2 -98.5571514472078 -74.561118690211 100 0 1440 5
474 2 82.296659098396 56.1580655269012 100 0 1440 5
475 2 25.4029449016848 -95.1733524413115 100 0 1440 5
476 2 -66.4459739598264 -68.5075025108858 100 0 1440 5
477 2 -5.62276870437373 -28.298084369969 100 0 1440 5
478 2 -23.9275606991349 3.12848960037684 100 0 1440 5
479 2 78.8356996301324 3.26187834922251 100 0 1440 5
480 2 -35.4117527928331 -3.84262970160876 100 0 1440 5
481 2 85.3248021719786 -96.5273111086034 100 0 1440 5
482 2 30.1974609301091 90.062104731939 100 0 1440 5
483 2 -21.3663177249892 -95.6956723536067 100 0 1440 5
484 2 -68.9050128779563 82.6843649306284 100 0 1440 5
485 2 -36.0414730463994 -92.1055204058163 100 0 1440 5
486 2 -57.9413888274324 98.7546103096093 100 0 1440 5
487 2 -82.4226810831085 -92.1150456284764 100 0 1440 5
488 2 -32.1024565234318 61.998440304302 100 0 1440 5
489 2 76.8350159111286 60.2733328219543 100 0 1440 5
490 2 62.9397417423469 -5.92847488036625 100 0 1440 5
491 2 -82.7831231322484 71.1752887138388 100 0 1440 5
492 2 -15.8195293412113 49.1938592989868 100 0 1440 5
493 2 -69.6306500884283 -57.9677750150424 100 0 1440 5
494 2 -86.5667813121853 9.29722857000854 100 0 1440 5
495 2 87.1526992462456 1.28229282725982 100 0 1440 5
496 2 32.8147228518681 -27.1620542923586 100 0 1440 5
497 2 29.8414388033983 -27.2766583383017 100 0 1440 5
498 2 22.8850186459489 96.3554084691822 100 0 1440 5
499 2 33.7167228171374 30.2416910706526 100 0 1440 5
500 2 34.1026961197322 -30.3038254981175 100 0 1440 5
501 2 -52.5668203326553 89.8936345542737 100 0 1440 5
502 2 35.9214672475652 5.01834700055781 100 0 1440 5
503 2 41.2303279230166 45.26509205716 100 0 1440 5
504 2 15.4482964326583 30.812433300872 100 0 1440 5
505 2 -69.5402549889288 90.4816360731061 100 0 1440 5
506 2 36.3322778765486 -57.0822109665784 100 0 1440 5
507 2 -92.1973681635741 -44.79596272176 100 0 1440 5
508 2 -98.6912769140694 -34.3013945655571 100 0 1440 5
509 2 10.3723934857918 -66.4436774333055 100 0 1440 5
510 2 27.0611114862142 12.115449410922 100 0 1440 5
511 2 7.67239936052349 88.4519235680372 100 0 1440 5
512 2 41.886219464687 48.4579374910879 100 0 1440 5
513 2 53.7742582029999 -3.40837028798973 100 0 1440 5
514 2 74.7814406759211 18.1865283557244 100 0 1440 5
